Rk,Name,Age,Tm,Lg,G,PA,AB,R,H,2B,3B,HR,RBI,SB,CS,BB,SO,BA,OBP,SLG,OPS,OPS+,TB,GDP,HBP,SH,SF,IBB,Pos Summary,Name-additional
1,CJ Abrams*,21,TOT,NL,84,281,263,32,64,11,2,2,21,6,4,5,46,.243,.280,.323,.603,75,85,5,9,2,2,0,64/H9D,abramcj01
2,Albert Abreu,26,TOT,AL,1,0,0,0,0,0,0,0,0,0,0,0,0,,,,,,0,0,0,0,0,0,1,abreual01
3,José Abreu,35,CHW,AL,152,659,584,84,178,37,0,15,74,0,0,60,109,.305,.378,.445,.823,133,260,18,11,0,4,2,*3D,abreujo02
4,Ronald Acuna Jr.,24,ATL,NL,114,512,449,69,120,24,0,15,49,28,11,50,120,.267,.352,.421,.772,115,189,8,10,0,3,3,9D/H8,acunaro01
5,Willy Adames,26,MIL,NL,133,589,535,83,128,31,0,31,96,8,2,49,157,.239,.302,.471,.773,116,252,11,1,0,4,3,*6/DH,adamewi01
6,Riley Adams,26,WSN,NL,44,143,131,12,23,4,0,4,8,0,1,11,39,.176,.245,.298,.542,57,39,2,1,0,0,0,2/HD3,adamsri03
7,Jo Adell,23,LAA,AL,81,258,243,19,54,11,1,7,23,4,2,10,95,.222,.261,.362,.623,75,88,6,3,0,1,0,79H/D,adelljo01
8,Ehire Adrianza#,32,TOT,NL,36,105,92,8,16,3,0,0,7,1,0,11,24,.174,.267,.207,.473,40,19,2,1,0,1,0,5/74H6D1,adriaeh01
9,Jesus Aguilar,32,TOT,MLB,127,502,459,38,107,18,0,16,51,1,0,28,118,.233,.280,.377,.657,85,173,8,4,0,5,1,3D/H5,aguilje01
10,Ryan Aguilar*,27,LAA,AL,7,26,22,2,3,1,0,0,2,0,0,2,14,.136,.231,.182,.413,20,4,0,1,0,1,0,/9738,aguilry01
11,Nick Ahmed,32,ARI,NL,17,54,52,7,12,2,0,3,7,0,1,2,15,.231,.259,.442,.702,95,23,2,0,0,0,0,6/HD,ahmedni01
12,Hanser Alberto,29,LAD,NL,69,153,151,13,34,8,2,2,14,0,1,2,25,.225,.235,.344,.580,57,52,7,0,0,0,0,4H5/1D639,alberha01
13,Ozzie Albies#,25,ATL,NL,64,269,247,36,61,16,0,8,35,3,5,16,47,.247,.294,.409,.703,94,101,0,2,0,4,0,4/H,albieoz01
14,Sergio Alcantara#,25,TOT,NL,88,205,188,25,41,6,1,5,22,1,2,11,54,.218,.261,.340,.602,71,64,4,1,2,3,0,564H/D,alcanse01
15,Scott Alexander*,32,SFG,NL,1,0,0,0,0,0,0,0,0,0,0,0,0,,,,,,0,0,0,0,0,0,1,alexasc02
16,Jorge Alfaro,29,SDP,NL,79,271,253,25,63,14,0,7,40,1,0,11,97,.249,.288,.387,.675,96,98,5,4,0,3,0,2D/H,alfarjo01
17,Anthony Alford,27,PIT,NL,2,4,4,0,1,0,0,0,0,0,0,0,2,.250,.250,.250,.500,42,1,0,0,0,0,0,/879,alforan01
18,Austin Allen*,28,OAK,AL,5,16,14,1,1,0,0,0,0,0,0,1,9,.071,.188,.071,.259,-20,1,1,1,0,0,0,/2D,allenau01
19,Greg Allen#,29,PIT,NL,46,134,118,17,22,4,0,2,8,8,2,10,42,.186,.260,.271,.531,51,32,2,2,3,1,0,798H/D,allengr01
20,Nick Allen,23,OAK,AL,93,300,275,28,58,12,0,3,16,3,2,18,62,.211,.262,.287,.549,61,79,5,1,6,0,0,64/H,allenni02
21,Abraham Almonte#,33,BOS,AL,10,21,20,6,7,1,0,1,2,0,0,1,5,.350,.381,.550,.931,155,11,1,0,0,0,0,/H8D7,almonab01
22,Albert Almora,28,CIN,NL,64,235,215,26,48,10,1,5,29,3,2,17,46,.223,.282,.349,.631,70,75,9,1,1,1,0,987/HD,almoral01
23,Pete Alonso,27,NYM,NL,155,666,582,92,156,27,0,40,131,5,1,63,128,.268,.347,.521,.867,145,303,16,12,0,9,16,*3D,alonspe01
24,Jose Altuve,32,HOU,AL,136,587,511,100,152,35,0,28,57,18,1,65,86,.297,.387,.530,.917,159,271,13,10,0,1,2,*4/HD,altuvjo01
25,Jose Alvarado*,27,PHI,NL,1,1,1,0,0,0,0,0,0,0,0,0,1,.000,.000,.000,.000,-100,0,0,0,0,0,0,1,alvarjo03
26,Eddy Alvarez*,32,LAD,NL,14,27,25,1,4,0,0,0,3,1,0,0,9,.160,.154,.160,.314,-13,4,1,0,1,1,0,/59HD76,alvared01
27,Yordan Alvarez*,25,HOU,AL,129,538,448,92,136,24,2,37,96,1,1,77,100,.304,.407,.614,1.021,187,275,12,6,0,7,9,D7/H,alvaryo01
28,Brian Anderson,29,MIA,NL,94,366,323,41,75,16,1,8,28,1,0,35,94,.232,.320,.362,.682,94,117,7,7,0,1,2,59/7DH4,anderbr06
29,Tim Anderson,29,CHW,AL,79,351,332,50,100,13,0,6,25,13,0,14,55,.301,.339,.395,.734,107,131,10,5,0,0,1,6,anderti01
30,Tyler Anderson*,32,LAD,NL,2,1,1,0,0,0,0,0,0,0,0,0,1,.000,.000,.000,.000,-100,0,0,0,0,0,0,1/H,anderty01
31,Elvis Andrus,33,TOT,AL,142,547,507,62,126,31,0,14,52,15,4,38,89,.249,.303,.393,.696,100,199,11,2,0,0,0,*6/HD,andruel01
32,Miguel Andujar,27,TOT,MLB,30,113,107,10,26,4,0,1,13,4,1,4,26,.243,.265,.308,.574,63,33,0,0,0,2,0,7D/H3,andujmi01
33,Mark Appel,30,PHI,NL,1,0,0,0,0,0,0,0,0,0,0,0,0,,,,,,0,0,0,0,0,0,/1,appelma01
34,Aristides Aquino,28,CIN,NL,78,270,253,24,50,12,0,10,30,2,3,17,99,.198,.248,.364,.612,64,92,1,0,0,0,0,9/7H8D,aquinar01
35,Jonathan Aranda*,24,TBR,AL,26,71,62,10,15,4,0,2,6,0,0,8,17,.242,.338,.403,.741,118,25,0,1,0,0,1,43/H5D,arandjo01
36,Jonathan Arauz#,23,TOT,AL,15,41,38,3,5,0,0,1,5,0,0,1,12,.132,.150,.211,.361,1,8,0,0,1,1,0,/546H,arauzjo01
37,Orlando Arcia,27,ATL,NL,61,213,189,23,45,7,0,9,29,0,0,20,46,.238,.315,.418,.733,102,79,7,2,0,2,0,4/D75H16,arciaor01
38,Nolan Arenado,31,STL,NL,144,608,546,71,160,41,1,30,100,5,3,51,71,.293,.359,.537,.895,154,293,15,7,0,4,3,*5D/H,arenano01
39,Gabriel Arias,22,CLE,AL,9,34,29,5,5,0,1,1,5,1,0,4,11,.172,.273,.345,.618,77,10,1,0,1,0,0,/546,ariasga01
40,Randy Arozarena,27,TBR,AL,147,621,566,69,152,41,2,20,88,32,11,42,146,.269,.330,.454,.784,128,257,17,11,0,2,2,*7D9/H,arozara01
41,Luis Arraez*,25,MIN,AL,140,586,533,84,167,30,1,8,49,4,4,47,43,.313,.370,.418,.789,128,223,6,3,0,3,2,34DH/5,arraelu01
42,Christian Arroyo,27,BOS,AL,80,276,256,30,72,14,1,6,31,5,1,13,45,.281,.321,.414,.735,102,106,6,3,2,2,2,4965/3DH,arroych01
43,Willians Astudillo,30,MIA,NL,21,55,54,5,13,0,0,1,4,1,0,1,3,.241,.255,.296,.551,56,16,2,0,0,0,0,5/4H31D,astudwi01
44,Jose Azocar,26,SDP,NL,92,204,190,22,50,9,3,0,10,5,6,12,41,.263,.305,.342,.648,90,65,6,0,1,1,0,987H/D,azocajo01
45,Akil Baddoo*,23,DET,AL,65,188,168,25,34,2,2,2,9,6,5,20,57,.202,.287,.274,.561,65,46,2,0,0,0,0,78H/D,baddoak01
46,Harrison Bader,28,TOT,MLB,81,294,273,38,69,8,3,5,28,16,2,15,58,.253,.299,.359,.658,89,98,4,4,0,2,0,8/H,baderha01
47,Ji Hwan Bae*,22,PIT,NL,5,20,17,2,4,2,0,0,2,2,0,2,4,.235,.350,.353,.703,100,6,0,1,0,0,0,/48,baeji01
48,Javier Baez,29,DET,AL,138,565,531,60,127,27,4,15,61,9,2,26,143,.239,.280,.390,.669,93,207,13,5,0,3,1,*6/DH,baezja01
49,Rylan Bannon,26,TOT,MLB,5,15,14,0,2,0,0,0,0,0,0,0,5,.143,.200,.143,.343,0,2,0,1,0,0,0,/54D,bannory01
50,Daniel Bard,37,COL,NL,3,0,0,0,0,0,0,0,0,0,0,0,0,,,,,,0,0,0,0,0,0,1,bardda01
51,Joe Barlow,26,TEX,AL,1,0,0,0,0,0,0,0,0,0,0,0,0,,,,,,0,0,0,0,0,0,1,barlojo01
52,Scott Barlow,29,KCR,AL,3,0,0,0,0,0,0,0,0,0,0,0,0,,,,,,0,0,0,0,0,0,1,barlosc01
53,Austin Barnes,32,LAD,NL,58,199,169,31,38,6,0,8,25,2,1,24,34,.225,.330,.402,.732,101,68,5,3,2,1,0,2/DH4,barneau01
54,Tucker Barnhart*,31,DET,AL,90,293,269,15,57,9,0,1,14,0,0,22,71,.212,.274,.257,.530,57,69,7,1,1,0,0,2/51,barnhtu01
55,Luis Barrera*,26,OAK,AL,32,85,77,3,18,5,0,1,7,3,0,6,17,.234,.294,.338,.632,84,26,2,1,0,1,0,79/H8,barrelu01
56,Tres Barrera,27,WSN,NL,17,46,43,2,8,1,0,0,4,0,0,2,13,.186,.222,.209,.432,27,9,1,0,1,0,0,2,barretr01
57,Jose Barrero,24,CIN,NL,43,158,152,10,25,3,0,2,10,3,1,6,70,.164,.196,.224,.420,14,34,4,0,0,0,0,6,garcijo02
58,Joey Bart,25,SFG,NL,92,274,247,32,54,6,0,11,23,2,1,23,104,.219,.296,.377,.672,89,93,5,4,0,0,0,2/HD,bartjo01
59,Anthony Bass,34,TOT,MLB,1,0,0,0,0,0,0,0,0,0,0,0,0,,,,,,0,0,0,0,0,0,1/DH,bassan01
60,Matthew Batten,27,SDP,NL,15,22,19,0,2,1,0,0,1,0,0,2,6,.105,.227,.158,.385,16,3,0,1,0,0,0,/5H4D17,battema01
61,Brett Baty*,22,NYM,NL,11,42,38,4,7,0,0,2,5,0,0,2,8,.184,.244,.342,.586,66,13,0,1,0,0,0,5,batybr01
62,Félix Bautista,27,BAL,AL,4,0,0,0,0,0,0,0,0,0,0,0,0,,,,,,0,0,0,0,0,0,1,bautife01
63,Matt Beaty*,29,SDP,NL,20,47,43,6,4,1,1,0,1,0,0,2,8,.093,.170,.163,.333,-2,7,3,2,0,0,0,9/H3D7,beatyma01
64,Tim Beckham,32,MIN,AL,12,25,25,1,2,0,0,0,1,0,0,0,9,.080,.080,.080,.160,-53,2,2,0,0,0,0,/H7D3,beckhti01
65,David Bednar*,27,PIT,NL,1,0,0,0,0,0,0,0,0,0,0,0,0,,,,,,0,0,0,0,0,0,1,bednada01
66,Seth Beer*,25,ARI,NL,38,126,111,4,21,3,0,1,9,0,0,11,31,.189,.278,.243,.521,51,27,3,3,0,1,1,D/3H,beerse01
67,Josh Bell#,29,TOT,NL,150,627,537,76,143,29,3,17,69,0,1,76,97,.266,.359,.426,.785,128,229,21,5,0,6,4,*3D/H,belljo02
68,Andrew Bellatti,30,PHI,NL,1,0,0,0,0,0,0,0,0,0,0,0,0,,,,,,0,0,0,0,0,0,1,bellaan01
69,Cody Bellinger*,26,LAD,NL,137,524,480,68,97,27,3,17,60,14,2,38,145,.202,.261,.377,.639,74,181,7,2,0,4,0,*8/H,bellico01
70,Brandon Belt*,34,SFG,NL,78,298,254,25,54,9,1,8,23,1,0,37,81,.213,.326,.350,.676,92,89,9,6,0,1,2,3DH,beltbr01
71,Anthony Bemboom*,32,BAL,AL,22,59,52,4,6,2,0,1,1,0,0,6,17,.115,.207,.212,.418,20,11,1,0,1,0,0,2/H,bemboan01
72,Andrew Benintendi*,27,TOT,AL,126,521,461,54,140,23,3,5,51,8,3,52,77,.304,.373,.399,.772,119,184,7,2,1,5,0,*7/HD,beninan01
73,Will Benson*,24,CLE,AL,25,56,51,8,9,1,0,0,3,0,0,3,17,.176,.250,.196,.446,32,10,1,2,0,0,0,/8H79D,bensowi01
74,Wynton Bernard,31,COL,NL,12,42,42,9,12,1,0,0,3,3,1,0,8,.286,.286,.310,.595,60,13,1,0,0,0,0,8/D7H9,bernawy01
75,Jon Berti,32,MIA,NL,95,377,335,43,79,16,2,4,26,37,5,38,82,.236,.318,.331,.650,85,111,4,3,0,1,0,457/H68D,bertijo01
76,Christian Bethancourt,30,TOT,AL,97,324,310,39,77,17,0,11,33,5,1,11,78,.248,.279,.410,.688,99,127,6,2,1,0,0,23HD/15,bethach01
77,Mookie Betts,29,LAD,NL,136,616,550,113,148,36,3,35,81,12,2,54,98,.269,.341,.536,.877,137,295,8,8,0,4,0,*9/4HD,bettsmo01
78,Bo Bichette,24,TOR,AL,154,678,634,88,181,42,1,24,92,12,8,40,151,.285,.329,.468,.797,126,297,20,2,0,2,0,*6/DH,bichebo01
79,Phil Bickford,26,LAD,NL,2,0,0,0,0,0,0,0,0,0,0,0,0,,,,,,0,0,0,0,0,0,1,bickfph01
80,Cavan Biggio*,27,TOR,AL,93,290,246,41,50,18,1,6,24,2,0,37,80,.203,.318,.358,.676,94,88,2,5,1,1,0,43H/9D7,biggica01
81,Charlie Blackmon*,35,COL,NL,135,577,530,60,140,22,6,16,78,4,1,32,109,.264,.314,.419,.733,95,222,10,8,4,3,4,D9/H,blackch02
82,Dairon Blanco,29,KCR,AL,5,7,7,1,2,0,0,0,2,1,0,0,4,.286,.286,.286,.571,62,2,0,0,0,0,0,/8HD,blancda02
83,Travis Blankenhorn*,25,NYM,NL,1,3,3,0,0,0,0,0,0,0,0,0,1,.000,.000,.000,.000,-100,0,0,0,0,0,0,/D,blanktr01
84,JJ Bleday*,24,MIA,NL,59,220,186,19,32,10,1,5,14,4,1,30,64,.172,.291,.317,.608,73,59,4,2,0,2,0,87/H9,bledajj01
85,Richard Bleier*,35,MIA,NL,1,0,0,0,0,0,0,0,0,0,0,0,0,,,,,,0,0,0,0,0,0,1,bleieri01
86,Xander Bogaerts,29,BOS,AL,145,614,541,83,167,38,0,14,69,8,2,56,115,.309,.379,.457,.836,131,247,14,10,0,7,2,*6/DH,bogaexa01
87,Alec Bohm,25,PHI,NL,144,600,556,77,161,22,4,12,70,1,3,30,106,.290,.325,.408,.733,106,227,18,4,0,10,1,*53/DH,bohmal01
88,Ronald Bolanos,25,KCR,AL,1,0,0,0,0,0,0,0,0,0,0,0,0,,,,,,0,0,0,0,0,0,/1,bolanro01
89,Skye Bolt#,28,OAK,AL,42,116,106,10,21,2,0,4,13,5,0,7,30,.198,.259,.330,.589,71,35,1,2,0,1,0,8/H97,boltsk01
90,David Bote,29,CHC,NL,37,112,103,12,26,5,0,3,7,1,0,4,42,.252,.304,.388,.692,94,40,3,4,0,1,0,45/3HD,boteda01
91,Sean Bouchard,26,COL,NL,20,68,49,5,14,1,0,1,7,0,0,18,16,.286,.471,.367,.838,130,18,1,0,0,1,0,7/H,bouchse01
92,Bobby Bradley*,26,CLE,AL,8,17,17,1,2,0,0,0,0,0,0,0,9,.118,.118,.118,.235,-31,2,0,0,0,0,0,/3H,bradlbo01
93,Jackie Bradley Jr.*,32,TOT,AL,128,359,334,30,68,23,1,4,38,2,3,23,74,.204,.255,.314,.569,58,105,5,0,2,0,0,*98/H1,bradlja02
94,Michael Brantley*,35,HOU,AL,64,277,243,28,70,14,1,5,26,1,1,31,30,.288,.370,.416,.785,124,101,1,1,1,1,2,D7,brantmi02
95,Rob Brantly*,32,NYY,AL,1,3,3,0,1,1,0,0,0,0,0,0,0,.333,.333,.667,1.000,176,2,0,0,0,0,0,/2,brantro01
96,Matt Brash,24,SEA,AL,1,0,0,0,0,0,0,0,0,0,0,0,0,,,,,,0,0,0,0,0,0,1,brashma01
97,Alex Bregman,28,HOU,AL,149,633,527,91,138,38,0,22,91,1,2,85,76,.262,.370,.459,.829,135,242,17,11,0,10,1,*5/H,bregmal01
98,Will Brennan*,24,CLE,AL,6,25,23,1,7,0,0,0,3,2,1,1,3,.304,.360,.304,.664,95,7,0,1,0,0,1,/798D,brennwi02
99,Jonah Bride,26,OAK,AL,53,176,153,13,32,4,0,1,6,1,0,17,30,.209,.303,.255,.558,66,39,4,4,1,1,0,45/H3D,bridejo01
100,Lewis Brinson,28,SFG,NL,16,39,36,5,6,2,0,3,4,1,0,2,14,.167,.211,.472,.683,86,17,0,0,1,0,0,8/H7,brinsle01
101,Mike Brosseau,28,MIL,NL,64,148,131,14,35,4,0,6,23,2,0,14,43,.267,.351,.435,.786,123,57,0,3,0,0,0,5H/631D,brossmi01
102,Seth Brown*,29,OAK,AL,143,525,474,53,110,26,2,25,66,10,1,47,140,.232,.305,.454,.758,118,215,7,3,0,1,2,379H8/D,brownse01
103,Justin Bruihl*,25,LAD,NL,1,0,0,0,0,0,0,0,0,0,0,0,0,,,,,,0,0,0,0,0,0,1,bruihju01
104,Vidal Brujan#,24,TBR,AL,49,154,139,12,23,5,0,2,15,5,5,12,36,.165,.234,.245,.478,41,34,2,1,0,2,0,49/H658D7,brujavi01
105,Kris Bryant,30,COL,NL,42,181,160,28,49,12,0,5,14,0,0,17,27,.306,.376,.475,.851,127,76,7,2,0,2,0,7D,bryankr01
106,Aaron Bummer*,28,CHW,AL,1,0,0,0,0,0,0,0,0,0,0,0,0,,,,,,0,0,0,0,0,0,1,bummeaa01
107,Peyton Burdick,25,MIA,NL,26,92,82,5,14,4,0,2,4,1,0,8,33,.171,.261,.293,.554,57,24,1,2,0,0,0,87/9,burdipe01
108,Jake Burger,26,CHW,AL,51,183,168,20,42,9,1,8,26,0,0,10,56,.250,.302,.458,.761,112,77,7,3,1,1,1,5/DH4,burgeja01
109,Alec Burleson*,23,STL,NL,11,33,31,2,6,0,0,1,1,1,0,2,5,.194,.242,.290,.533,53,9,1,0,0,0,0,/9D37H,burleal01
110,Byron Buxton,28,MIN,AL,92,382,340,61,76,13,3,28,51,6,0,34,116,.224,.306,.526,.833,135,179,0,7,0,1,0,8D/H,buxtoby01
111,Miguel Cabrera,39,DET,AL,108,417,383,25,97,10,0,5,41,1,0,26,97,.253,.302,.319,.621,82,122,11,3,0,5,3,*D/H,cabremi01
112,Oswaldo Cabrera#,23,NYY,AL,37,146,132,19,32,8,1,4,17,3,2,13,37,.242,.308,.409,.717,103,54,1,0,0,1,0,9/76345H,cabreos01
113,Lorenzo Cain,36,MIL,NL,43,156,145,17,26,5,0,1,9,2,2,8,36,.179,.231,.234,.465,33,34,4,2,0,1,0,8/H,cainlo01
114,Kole Calhoun*,34,TEX,AL,119,413,378,36,75,14,1,12,47,2,2,26,132,.198,.259,.336,.595,69,127,6,6,0,3,0,97DH/8,calhoko01
115,Willie Calhoun*,27,TOT,MLB,22,62,52,7,7,3,0,1,3,0,0,9,8,.135,.274,.250,.524,51,13,2,1,0,0,0,D/7H,calhowi01
116,Alex Call,27,TOT,MLB,42,112,98,15,23,2,1,4,11,3,2,12,25,.235,.330,.398,.728,110,39,2,2,0,0,0,7H/98D,callal02
117,Johan Camargo#,28,PHI,NL,52,166,152,8,36,3,0,3,15,0,0,13,37,.237,.297,.316,.613,74,48,1,0,1,0,0,65H/43D,camarjo01
118,Daz Cameron,25,DET,AL,21,70,64,6,14,3,1,1,8,2,0,5,20,.219,.286,.344,.629,83,22,1,1,0,0,0,9/8H,camerda01
119,Luis Campusano,23,SDP,NL,13,39,37,4,11,1,0,1,5,0,0,1,7,.297,.308,.405,.713,107,15,2,0,0,1,0,/2DH,campulu01
120,Jeimer Candelario#,28,DET,AL,119,446,411,46,86,18,2,13,47,0,1,27,105,.209,.267,.358,.624,80,147,9,6,0,2,1,*5/DH,candeje01
121,Mark Canha,33,NYM,NL,134,518,442,68,117,24,0,12,56,3,1,48,93,.265,.369,.400,.769,122,177,3,26,0,2,1,*7H8/9D35,canhama01
122,Robinson Canó*,39,TOT,NL,33,104,100,5,15,1,0,1,4,0,0,4,25,.150,.183,.190,.373,8,19,2,0,0,0,0,4/DH,canoro01
123,Conner Capel*,25,TOT,MLB,16,43,39,5,13,0,1,3,10,0,0,3,5,.333,.372,.615,.987,181,24,1,0,0,1,0,9/D7H,capelco01
124,Vinny Capra,25,TOR,AL,8,7,5,2,1,0,0,0,0,0,0,2,1,.200,.429,.200,.629,89,1,0,0,0,0,0,/HD479,capravi01
125,Victor Caratini#,28,MIL,NL,90,298,258,26,52,11,0,9,33,0,0,30,63,.202,.305,.349,.654,86,90,10,9,0,1,1,2H/3D1,caratvi01
126,Dylan Carlson#,23,STL,NL,122,466,417,54,99,29,4,8,40,5,1,39,92,.237,.309,.384,.693,99,160,6,6,0,4,1,*89H/D,carlsdy01
127,Kerry Carpenter*,24,DET,AL,31,113,103,16,26,4,1,6,10,0,0,6,32,.252,.310,.485,.795,128,50,0,3,0,1,0,D7/9H,carpeke01
128,Matt Carpenter*,36,NYY,AL,47,154,128,28,39,9,0,15,37,0,0,19,35,.305,.412,.727,1.138,217,93,2,5,1,1,1,DH9/375,carpema01
129,Corbin Carroll*,21,ARI,NL,26,93,85,9,21,6,1,3,13,1,1,6,27,.247,.312,.447,.759,113,38,1,2,0,0,0,7/8HD9,carroco02
130,Curt Casali,33,TOT,MLB,54,167,140,18,28,4,0,4,16,0,0,23,49,.200,.317,.314,.632,81,44,1,2,0,2,0,2/3D,casalcu01
131,Triston Casas*,22,BOS,AL,21,74,58,10,11,0,0,5,10,1,0,16,17,.190,.365,.448,.813,125,26,4,0,0,0,0,3/H,casastr01
132,Nick Castellanos,30,PHI,NL,130,538,506,53,136,27,0,13,61,7,1,27,124,.269,.309,.399,.708,98,202,15,3,0,2,0,*9D/7H,casteni01
133,Diego Castillo,28,SEA,AL,2,0,0,0,0,0,0,0,0,0,0,0,0,,,,,,0,0,0,0,0,0,1,castidi01
134,Diego Castillo,24,PIT,NL,92,271,250,26,50,10,0,11,28,1,1,14,73,.200,.247,.372,.619,72,93,7,3,0,4,1,649H/53D1,castidi02
135,Harold Castro*,28,DET,AL,115,422,400,36,110,20,2,7,47,0,1,16,76,.275,.303,.388,.691,100,155,5,1,3,2,1,3564H/D178,castrha01
136,Jason Castro*,35,HOU,AL,34,88,78,6,9,2,0,1,3,1,0,8,40,.115,.205,.179,.384,11,14,1,1,0,1,0,2/H,castrja01
137,Rodolfo Castro#,23,PIT,NL,65,253,231,24,55,8,4,11,25,5,3,19,69,.238,.300,.450,.751,109,104,6,2,0,1,0,456/DH,castrro01
138,Willi Castro#,25,DET,AL,111,390,363,46,86,17,2,7,30,9,4,15,82,.237,.280,.353,.633,83,128,4,8,1,3,0,97486H/5D,castrwi01
139,Jake Cave*,29,MIN,AL,47,150,141,16,32,6,3,5,18,1,0,8,41,.227,.267,.418,.685,94,59,2,0,0,1,0,79/H8,caveja01
140,Gilberto Celestino,23,MIN,AL,115,323,292,29,71,11,1,2,21,3,1,27,74,.243,.312,.308,.620,81,90,12,2,2,0,0,*87H/9,celesgi01
141,Yu Chang,26,TOT,MLB,64,184,163,18,35,6,0,4,15,0,1,15,56,.215,.293,.325,.619,79,53,5,4,0,2,0,46/35HD1,changyu01
142,Matt Chapman,29,TOR,AL,150,601,523,81,121,27,1,27,75,2,2,64,166,.231,.323,.442,.764,117,231,6,9,0,5,1,*5/HD,chapmma01
143,Michael Chavis,26,PIT,NL,129,426,401,39,92,16,3,14,49,1,1,19,126,.229,.265,.389,.654,82,156,4,2,0,4,1,*3H4/5D,chavimi01
144,Robinson Chirinos,38,BAL,AL,65,214,189,10,34,9,0,4,22,1,0,19,66,.180,.268,.291,.559,59,55,3,4,1,1,0,2/H,chiriro01
145,Jazz Chisholm Jr.*,24,MIA,NL,60,241,213,39,54,10,4,14,45,12,5,21,66,.254,.325,.535,.860,139,114,0,3,0,3,0,4/H,chishja01
146,Ji-Man Choi*,31,TBR,AL,108,400,340,34,77,19,0,10,50,0,0,55,118,.226,.335,.371,.706,108,126,3,2,0,3,3,3DH,choiji01
147,Taylor Clarke,29,KCR,AL,4,0,0,0,0,0,0,0,0,0,0,0,0,,,,,,0,0,0,0,0,0,1,clarkta01
148,Kody Clemens*,26,DET,AL,50,117,107,11,16,4,0,4,13,1,0,8,30,.150,.205,.299,.504,45,32,1,0,0,2,0,53H/471D,clemeko01
149,Ernie Clement,26,TOT,AL,65,166,150,18,29,3,0,0,6,0,1,11,24,.193,.256,.213,.469,38,32,3,2,2,1,0,5H47/D316,clemeer01
150,Dylan Coleman,25,KCR,AL,4,0,0,0,0,0,0,0,0,0,0,0,0,,,,,,0,0,0,0,0,0,1,colemdy01
151,Zack Collins*,27,TOT,MLB,35,108,97,9,15,4,0,4,11,0,0,9,41,.155,.231,.320,.551,56,31,0,1,0,1,0,D2/3H,colliza01
152,Alex Colome,33,COL,NL,1,0,0,0,0,0,0,0,0,0,0,0,0,,,,,,0,0,0,0,0,0,1,colomal01
153,Mark Contreras*,27,MIN,AL,23,46,44,6,5,0,0,2,4,0,0,0,16,.114,.130,.250,.380,7,11,2,1,0,1,0,8/9H7,contrma01
154,William Contreras,24,ATL,NL,92,359,319,48,89,13,1,20,44,2,0,37,98,.279,.354,.514,.868,139,164,5,1,0,2,1,2D/H7,contrwi02
155,Willson Contreras,30,CHC,NL,109,469,402,63,98,22,2,21,54,4,2,42,99,.244,.348,.465,.813,127,187,14,23,0,2,0,2D/H,contrwi01
156,Garrett Cooper,31,MIA,NL,119,469,414,37,108,33,2,9,50,0,0,40,119,.261,.337,.415,.752,112,172,6,10,0,5,0,3D/H,coopega03
157,Franchy Cordero*,27,BOS,AL,84,275,242,36,53,17,1,8,29,4,1,28,92,.219,.300,.397,.697,92,96,1,1,2,2,1,397H/D8,cordefr02
158,Carlos Correa,27,MIN,AL,130,565,499,68,143,23,1,21,61,0,1,59,116,.287,.363,.463,.826,137,231,17,3,0,4,2,*6/DH,correca01
159,Brandon Crawford*,35,SFG,NL,113,437,389,47,90,15,2,9,49,1,1,37,94,.231,.309,.350,.659,86,136,11,8,0,3,3,*6/H,crawfbr01
160,J.P. Crawford*,27,SEA,AL,139,580,500,56,124,24,3,6,41,3,2,64,73,.248,.341,.344,.685,102,172,10,9,2,5,0,*6,crawfjp01
161,C.J. Cron,32,COL,NL,145,613,558,78,147,28,3,29,101,0,0,42,158,.263,.322,.480,.802,112,268,15,8,0,4,6,*3D/H,croncj01
162,Jake Cronenworth*,28,SDP,NL,152,661,566,86,134,27,4,16,83,3,0,68,126,.237,.331,.383,.715,109,217,2,16,0,8,3,*43/6HD,croneja01
163,Narciso Crook,26,CHC,NL,4,9,8,1,2,1,0,0,2,0,0,0,3,.250,.222,.375,.597,65,3,1,0,0,1,0,/H98,crookna01
164,Nelson Cruz,41,WSN,NL,124,507,448,50,105,16,0,10,64,4,0,49,119,.234,.313,.337,.651,89,151,16,4,0,3,1,*D/H,cruzne02
165,Oneil Cruz*,23,PIT,NL,82,337,312,41,72,12,4,17,53,9,4,23,120,.231,.285,.458,.743,106,143,2,1,0,1,1,6/DH7,cruzon01
166,Charlie Culberson,33,TEX,AL,67,120,111,18,28,6,0,1,11,2,3,5,30,.252,.284,.333,.618,76,37,5,0,4,0,0,5H4D7/136,culbech01
167,Travis d'Arnaud,33,ATL,NL,102,407,378,59,102,23,1,18,58,0,0,19,84,.270,.322,.479,.801,120,181,11,10,0,0,0,2/DH,darnatr01
168,Bobby Dalbec,27,BOS,AL,114,347,311,38,65,9,2,11,36,3,0,29,116,.209,.280,.357,.636,75,111,5,3,0,4,0,35H/D46,dalbebo01
169,Matt Davidson,31,TOT,MLB,13,37,34,3,5,0,0,2,3,0,1,3,13,.147,.216,.324,.540,54,11,0,0,0,0,0,/5DH3,davidma02
170,J.D. Davis,29,TOT,NL,109,339,295,44,76,16,1,11,34,1,1,36,112,.258,.348,.431,.779,121,127,11,6,0,2,1,DH53/7,davisjd01
171,Jaylin Davis,27,BOS,AL,12,27,24,4,8,1,0,0,2,0,0,3,11,.333,.407,.375,.782,120,9,0,0,0,0,0,/H897,davisja03
172,Jonathan Davis,30,MIL,NL,37,91,76,9,17,1,0,0,4,7,1,14,26,.224,.344,.237,.581,71,18,1,0,1,0,0,8/H,davisjo05
173,Ronnie Dawson*,27,CIN,NL,1,3,3,0,0,0,0,0,0,0,0,0,2,.000,.000,.000,.000,-100,0,0,0,0,0,0,/D,dawsoro01
174,Yonathan Daza,28,COL,NL,108,386,352,54,106,20,2,2,34,0,3,24,54,.301,.348,.386,.734,97,136,11,4,1,5,0,*87/H9,dazayo01
175,Bryan De La Cruz,25,MIA,NL,108,325,301,34,74,18,0,12,38,3,0,18,82,.246,.289,.425,.714,100,128,6,2,0,4,0,978H/D,delacbr01
176,Enyel De Los Santos,26,CLE,AL,1,0,0,0,0,0,0,0,0,0,0,0,0,,,,,,0,0,0,0,0,0,1,delosen01
177,Austin Dean,28,SFG,NL,3,9,8,1,3,0,0,0,0,0,0,1,0,.375,.444,.375,.819,136,3,0,0,0,0,0,/7H9,deanau01
178,Paul DeJong,28,STL,NL,71,216,190,17,29,8,0,6,24,3,2,20,70,.153,.245,.289,.535,54,55,2,4,0,2,0,6/HD,dejonpa01
179,Jason Delay,27,PIT,NL,52,157,146,16,31,5,0,1,9,0,2,9,47,.212,.268,.267,.535,52,39,2,2,0,0,0,2,delayja01
180,Ben DeLuzio,27,STL,NL,16,16,12,2,3,1,0,0,0,0,1,3,3,.250,.400,.333,.733,116,4,0,0,1,0,0,8/H,deluzbe01
181,Travis Demeritte,27,ATL,NL,26,96,89,9,19,2,0,3,6,0,0,6,32,.213,.260,.337,.597,65,30,2,0,0,1,0,9/7H,demertr01
182,Rafael Devers*,25,BOS,AL,135,593,538,81,158,41,1,27,87,3,1,47,112,.294,.356,.524,.880,140,282,13,6,0,2,11,*5/DH,deverra01
183,Aledmys Díaz,31,HOU,AL,88,313,291,35,73,13,0,12,38,1,1,18,51,.251,.297,.419,.716,102,122,7,2,0,2,0,746H/5D39,diazal02
184,Edwin Díaz,28,NYM,NL,2,0,0,0,0,0,0,0,0,0,0,0,0,,,,,,0,0,0,0,0,0,1,diazed04
185,Elias Diaz,31,COL,NL,101,365,336,28,78,18,2,9,50,0,1,25,76,.232,.288,.378,.666,77,127,8,2,0,2,0,2/H,diazel01
186,Jordan Diaz,21,OAK,AL,9,28,27,3,10,2,0,0,0,0,0,1,3,.370,.393,.444,.837,144,12,1,0,0,0,0,/43D,diazjo03
187,Lewin Diaz*,25,MIA,NL,51,159,146,12,25,4,0,5,11,1,0,10,49,.171,.226,.301,.528,48,44,2,1,0,2,0,3/DH,diazle01
188,Yainer Diaz,23,HOU,AL,6,9,8,0,1,1,0,0,1,0,0,1,2,.125,.222,.250,.472,35,2,0,0,0,0,0,/D2H,diazya02
189,Yandy Díaz,30,TBR,AL,134,550,466,69,136,32,0,9,54,3,3,77,58,.292,.398,.418,.817,141,195,10,6,0,1,2,53D/H,diazya01
190,Yusniel Diaz,25,BAL,AL,1,1,1,0,0,0,0,0,0,0,0,0,1,.000,.000,.000,.000,-100,0,0,0,0,0,0,/H9,diazyu01
191,Alex Dickerson*,32,ATL,NL,13,36,33,3,4,0,0,1,2,0,0,3,9,.121,.194,.212,.407,14,7,3,0,0,0,0,D/H9,dickeal01
192,Corey Dickerson*,33,STL,NL,90,277,263,26,70,16,1,5,30,0,0,10,47,.266,.296,.392,.688,97,103,4,2,0,2,1,7DH9/1,dickeco01
193,Wilmer Difo#,30,ARI,NL,3,6,6,0,0,0,0,0,0,0,0,0,1,.000,.000,.000,.000,-100,0,0,0,0,0,0,/64,difowi01
194,Josh Donaldson,36,NYY,AL,127,526,461,58,103,27,0,15,60,2,2,52,143,.223,.310,.380,.689,96,175,11,8,0,5,1,5D/H,donaljo02
195,Brendan Donovan*,25,STL,NL,120,444,371,58,104,20,1,5,44,2,3,58,69,.280,.393,.380,.773,125,141,7,12,1,2,1,45973DH/6,donovbr01
196,Jeter Downs,23,BOS,AL,14,41,39,4,6,1,0,1,4,0,0,1,21,.154,.171,.256,.427,17,10,0,0,0,1,0,/45H6D,downsje01
197,Hunter Dozier,30,KCR,AL,125,488,450,50,108,26,3,12,41,4,3,34,121,.240,.297,.391,.688,92,176,14,3,0,1,0,395D/7H1,doziehu01
198,Brandon Drury,29,TOT,NL,131,541,495,84,129,30,2,28,85,2,3,35,119,.261,.316,.499,.815,122,247,8,7,0,4,0,53D4/H69,drurybr01
199,Mauricio Dubon,27,TOT,MLB,100,258,236,30,50,8,0,5,23,2,3,13,29,.212,.251,.309,.560,59,73,6,1,3,5,0,864H/759D,dubonma01
200,Tyler Duffey,31,MIN,AL,2,0,0,0,0,0,0,0,0,0,0,0,0,,,,,,0,0,0,0,0,0,1,duffety01
201,Matt Duffy,31,LAA,AL,71,229,211,13,53,7,0,2,15,0,0,16,49,.251,.310,.313,.623,78,66,4,2,0,0,0,543H,duffyma01
202,Steven Duggar*,28,TOT,MLB,29,80,72,7,11,3,1,0,4,5,1,7,41,.153,.225,.222,.447,28,16,0,0,0,1,0,87/H,duggast01
203,Joe Dunand,26,MIA,NL,3,11,10,2,3,1,0,1,1,0,0,0,3,.300,.364,.700,1.064,193,7,0,1,0,0,0,/45,dunanjo01
204,Ezequiel Duran,23,TEX,AL,58,220,208,25,49,10,1,5,25,4,1,12,54,.236,.277,.365,.643,82,76,3,0,0,0,0,5/4HD,duranez01
205,Jarren Duran*,25,BOS,AL,57,219,200,23,44,14,3,3,17,7,1,14,63,.220,.283,.365,.648,78,73,1,4,0,1,0,8/9HD,duranja01
206,Jhoan Duran,24,MIN,AL,3,0,0,0,0,0,0,0,0,0,0,0,0,,,,,,0,0,0,0,0,0,1,duranjh01
207,Adam Duvall,33,ATL,NL,86,315,287,39,61,16,1,12,36,0,2,21,101,.213,.276,.401,.677,86,115,2,5,0,2,0,879/H,duvalad01
208,Nate Eaton,25,KCR,AL,38,104,91,13,24,3,3,1,11,11,1,8,30,.264,.327,.396,.723,103,36,2,2,0,3,0,95/H78,eatonna01
209,Tommy Edman#,27,STL,NL,150,620,568,93,149,30,4,13,56,31,3,45,111,.262,.321,.398,.719,107,226,9,5,1,1,2,46/5H98,edmanto01
210,Drew Ellis,26,TOT,MLB,7,17,16,2,3,1,0,0,1,0,0,1,7,.188,.235,.250,.485,40,4,0,0,0,0,0,/5,ellisdr01
211,Jerar Encarnacion,24,MIA,NL,23,81,77,7,14,3,0,3,14,2,0,3,32,.182,.210,.338,.548,52,26,3,0,0,1,0,79/DH,encarje01
212,Adam Engel,30,CHW,AL,113,247,233,31,52,12,1,2,15,12,4,11,71,.223,.267,.309,.576,63,72,2,3,0,0,1,*98H/D7,engelad01
213,Alcides Escobar,35,WSN,NL,40,131,124,12,27,4,2,0,8,1,1,5,32,.218,.260,.282,.542,58,35,1,2,0,0,0,6/H41,escobal02
214,Eduardo Escobar#,33,NYM,NL,131,523,480,57,115,25,4,20,68,0,2,36,123,.240,.291,.433,.724,105,208,4,1,0,6,3,*5/DH4,escobed01
215,Santiago Espinal,27,TOR,AL,135,491,449,51,120,25,0,7,51,6,6,36,68,.267,.322,.370,.692,98,166,12,2,1,3,1,*4H56,espinsa01
216,Carlos Estevez,29,COL,NL,1,0,0,0,0,0,0,0,0,0,0,0,0,,,,,,0,0,0,0,0,0,1,estevca01
217,Thairo Estrada,26,SFG,NL,134,516,466,69,124,23,2,14,61,19,6,31,87,.266,.326,.414,.740,108,193,10,13,1,5,0,467H/58,estrath01
218,Stuart Fairchild,26,TOT,MLB,41,93,83,11,21,3,0,5,6,0,2,6,29,.253,.333,.470,.803,116,39,1,4,0,0,0,87/H9,faircst01
219,Jeurys Familia,32,TOT,MLB,1,0,0,0,0,0,0,0,0,0,0,0,0,,,,,,0,0,0,0,0,0,1,familje01
220,Kyle Farmer,31,CIN,NL,139,560,505,58,129,24,1,14,76,4,3,31,97,.255,.315,.390,.706,90,197,20,16,2,6,0,65/DH3,farmeky01
221,Mario Feliciano,23,MIL,NL,2,5,4,0,1,0,0,0,0,0,0,1,1,.250,.400,.250,.650,92,1,0,0,0,0,0,/2,felicma01
222,Freddy Fermin,27,KCR,AL,3,7,7,1,0,0,0,0,0,0,1,0,3,.000,.000,.000,.000,-100,0,0,0,0,0,0,/2,fermifr01
223,David Fletcher,28,LAA,AL,54,201,189,19,49,9,1,2,15,1,0,7,15,.259,.296,.349,.646,83,66,5,3,2,0,0,46/H,fletcda02
224,Wilmer Flores,30,SFG,NL,145,574,504,69,117,27,1,19,69,0,0,55,98,.232,.317,.403,.720,102,203,7,10,0,5,1,435DH,florewi01
225,Estevan Florial*,24,NYY,AL,17,35,31,4,3,0,0,0,1,2,0,3,13,.097,.200,.097,.297,-11,3,0,1,0,0,0,8/HD7,flories01
226,Dylan Floro*,31,MIA,NL,1,0,0,0,0,0,0,0,0,0,0,0,0,,,,,,0,0,0,0,0,0,1,florody01
227,Mike Ford*,29,TOT,MLB,50,149,131,9,27,5,0,3,10,0,0,17,40,.206,.302,.313,.615,77,41,1,1,0,0,0,3DH/1,fordmi01
228,Nick Fortes,25,MIA,NL,67,222,200,39,49,6,1,8,22,5,3,17,43,.245,.320,.405,.725,104,81,5,5,0,0,0,2DH/3,forteni01
229,Matt Foster,27,CHW,AL,1,0,0,0,0,0,0,0,0,0,0,0,0,,,,,,0,0,0,0,0,0,1,fostema01
230,Lucius Fox#,24,WSN,NL,10,28,25,2,2,0,0,0,2,1,0,1,9,.080,.115,.080,.195,-42,2,1,0,2,0,0,/65H,foxlu01
231,Jake Fraley*,27,CIN,NL,62,225,197,32,49,9,0,11,27,4,1,23,49,.249,.333,.462,.795,113,91,1,3,0,2,1,7D9H/8,fraleja01
232,Ty France,27,SEA,AL,134,585,525,63,145,26,1,20,81,0,0,34,86,.276,.341,.444,.785,128,233,15,20,0,5,3,*3/D5H4,francty01
233,Maikel Franco,29,WSN,NL,103,388,371,31,85,15,0,9,39,1,0,12,75,.229,.255,.342,.597,72,127,18,2,0,3,0,5/3HD,francma02
234,Wander Franco#,21,TBR,AL,78,325,299,44,81,19,2,5,31,6,0,22,31,.271,.317,.398,.715,109,119,4,0,0,4,1,6/DH,francwa01
235,Adam Frazier*,30,SEA,AL,150,579,520,59,122,21,4,3,40,9,5,45,69,.235,.299,.308,.607,79,160,15,5,4,5,1,*497H/D68,fraziad01
236,Jackson Frazier,27,CHC,NL,19,45,37,4,8,3,0,0,1,1,0,7,11,.216,.356,.297,.653,88,11,1,1,0,0,0,/DH79,frazicl01
237,Freddie Freeman*,32,LAD,NL,152,679,587,112,192,46,2,20,96,12,3,80,97,.327,.408,.514,.922,153,302,6,5,0,7,12,*3,freemfr01
238,Tyler Freeman,23,CLE,AL,24,86,77,9,19,3,0,0,3,1,0,4,11,.247,.314,.286,.600,76,22,2,4,0,1,0,5/64HD,freemty01
239,TJ Friedl*,26,CIN,NL,68,248,216,33,53,10,5,8,25,7,1,19,38,.245,.319,.449,.768,106,97,3,7,0,6,0,789H/D,friedtj01
240,Michael Fulmer,29,TOT,AL,1,0,0,0,0,0,0,0,0,0,0,0,0,,,,,,0,0,0,0,0,0,1,fulmemi01
241,Cam Gallagher,29,KCR,AL,18,47,42,1,9,5,0,0,5,0,0,3,13,.214,.267,.333,.600,68,14,0,0,2,0,0,2,gallaca01
242,Joey Gallo*,28,TOT,MLB,119,393,336,46,55,8,2,18,44,3,0,54,156,.164,.285,.360,.645,81,121,0,3,0,0,0,*79/HD8,gallojo01
243,Ben Gamel*,30,PIT,NL,112,410,359,40,83,19,2,8,42,5,1,47,94,.231,.324,.362,.687,94,130,4,3,0,1,2,79DH/38,gamelbe01
244,Adolis García,29,TEX,AL,148,627,576,84,144,31,5,25,96,25,5,40,172,.250,.301,.451,.753,111,260,7,5,0,6,2,*98D/H,garciad02
245,Aramis Garcia,29,CIN,NL,46,113,106,6,23,2,0,1,4,0,1,3,34,.217,.252,.264,.516,41,28,4,2,2,0,0,2/3DH,garciar01
246,Avisail Garcia,31,MIA,NL,93,359,339,29,78,8,0,7,31,4,0,14,102,.230,.267,.316,.583,65,107,12,4,0,2,0,9D/H,garciav01
247,Dermis Garcia,24,OAK,AL,32,105,96,12,22,6,0,5,20,0,0,8,45,.229,.295,.448,.743,113,43,1,1,0,0,0,3/HD7,garcide02
248,Leury Garcia#,31,CHW,AL,97,315,300,38,63,8,0,3,20,2,0,7,65,.210,.233,.267,.500,41,80,6,3,2,3,0,46H9/75D8,garcile02
249,Luis Garcia*,22,WSN,NL,86,350,334,26,91,21,2,6,38,3,4,10,75,.272,.292,.401,.693,99,134,5,1,1,4,1,64/H,garcilu04
250,Maikel Garcia,22,KCR,AL,9,23,22,1,7,1,0,0,2,0,0,1,5,.318,.348,.364,.711,102,8,1,0,0,0,0,/6H,garcima01
251,Rico Garcia,28,BAL,AL,1,0,0,0,0,0,0,0,0,0,0,0,0,,,,,,0,0,0,0,0,0,/1,garciri01
252,Kyle Garlick,30,MIN,AL,66,162,150,23,35,3,0,9,18,0,0,8,48,.233,.284,.433,.717,104,65,2,3,0,1,0,79H/D,garliky01
253,Dustin Garneau,34,DET,AL,8,11,10,1,3,1,0,0,1,0,0,1,4,.300,.364,.400,.764,123,4,0,0,0,0,0,/2H,garnedu01
254,Stone Garrett,26,ARI,NL,24,76,68,12,21,8,0,4,10,3,1,3,23,.309,.342,.603,.945,163,41,1,1,0,1,0,7/DH,garrest01
255,Mitch Garver,31,TEX,AL,54,215,188,23,39,7,0,10,24,1,1,23,53,.207,.298,.404,.702,98,76,3,2,0,2,0,D2/H,garvemi01
256,Lucas Gilbreath*,26,COL,NL,1,0,0,0,0,0,0,0,0,0,0,0,0,,,,,,0,0,0,0,0,0,1,gilbrlu01
257,Andres Gimenez*,23,CLE,AL,140,531,468,64,142,26,3,17,68,19,3,34,102,.303,.376,.481,.856,146,225,9,22,4,3,4,*46/H,gimenan01
258,Mychal Givens,32,TOT,NL,1,0,0,0,0,0,0,0,0,0,0,0,0,,,,,,0,0,0,0,0,0,1/H,givenmy01
259,Jose Godoy*,27,TOT,MLB,9,20,18,3,1,0,0,0,1,0,0,2,7,.056,.150,.056,.206,-38,1,0,0,0,0,0,/2,godoyjo01
260,Paul Goldschmidt,34,STL,NL,147,638,550,103,175,41,0,35,114,7,0,77,138,.318,.404,.584,.988,181,321,7,5,0,4,1,*3D/H,goldspa01
261,Yan Gomes,34,CHC,NL,84,286,270,23,62,10,0,8,30,2,0,8,46,.230,.256,.356,.612,71,96,15,3,1,4,0,2/DH,gomesya01
262,Erik Gonzalez,30,MIA,NL,16,41,37,4,7,1,0,0,3,1,0,4,12,.189,.268,.216,.485,40,8,1,0,0,0,0,/6543,gonzaer01
263,Luis Gonzalez*,26,SFG,NL,98,350,311,31,79,17,2,4,36,10,2,30,75,.254,.323,.360,.683,93,112,5,4,0,5,1,97/H81D,gonzalu03
264,Marwin Gonzalez#,33,NYY,AL,80,194,171,19,31,7,0,5,16,3,0,14,48,.181,.257,.310,.566,61,53,7,4,3,2,0,6937H5/4D1,gonzama01
265,Oscar Gonzalez,24,CLE,AL,84,353,334,34,96,25,0,11,42,1,2,14,71,.287,.320,.461,.781,123,154,6,3,0,2,2,9/DH,gonzaos01
266,Romy Gonzalez,25,CHW,AL,27,95,91,12,23,4,0,2,10,0,1,2,33,.253,.274,.363,.636,79,33,3,1,0,1,0,4/H679,gonzaro01
267,Niko Goodrum#,30,HOU,AL,15,45,43,2,5,2,0,0,1,1,0,2,23,.116,.156,.163,.318,-9,7,0,0,0,0,0,4/3DH,goodrni01
268,Nick Gordon*,26,MIN,AL,130,417,382,42,104,26,4,9,45,6,4,19,102,.272,.319,.432,.751,115,165,7,9,3,4,1,7846H/1D,gordoni01
269,Terrance Gore,31,NYM,NL,8,3,3,1,0,0,0,0,0,3,0,0,2,.000,.000,.000,.000,-100,0,0,0,0,0,0,/H7D8,gorete01
270,Nolan Gorman*,22,STL,NL,89,313,283,44,64,13,0,14,35,1,0,28,103,.226,.300,.420,.721,106,119,2,2,0,0,0,4DH/7,gormano01
271,Phil Gosselin,33,TOT,MLB,34,77,74,6,11,0,1,0,2,0,0,2,24,.149,.182,.176,.357,2,13,1,1,0,0,0,54/H3D19,gosseph01
272,Yasmani Grandal#,33,CHW,AL,96,365,317,14,64,7,0,5,27,1,0,44,78,.202,.301,.271,.573,64,86,8,2,0,2,1,2D/3H,grandya01
273,Kendall Graveman,31,CHW,AL,1,0,0,0,0,0,0,0,0,0,0,0,0,,,,,,0,0,0,0,0,0,1,graveke01
274,Riley Greene*,21,DET,AL,86,388,350,43,89,16,4,5,38,1,4,33,113,.254,.322,.366,.688,101,128,8,3,0,2,0,8,greenri03
275,Didi Gregorius*,32,PHI,NL,63,232,214,17,45,9,4,1,19,1,0,13,36,.210,.263,.304,.567,60,65,0,3,0,2,0,6/H,gregodi01
276,Grayson Greiner,29,ARI,NL,2,8,6,0,1,0,0,0,0,0,0,2,3,.167,.375,.167,.542,63,1,0,0,0,0,0,/2,greingr01
277,Randal Grichuk,30,COL,NL,135,517,486,57,127,21,2,17,68,4,0,23,120,.261,.302,.418,.719,91,203,12,6,0,2,0,*98/HD1,grichra01
278,Justin Grimm,33,OAK,AL,1,0,0,0,0,0,0,0,0,0,0,0,0,,,,,,0,0,0,0,0,0,1,grimmju01
279,Trent Grisham*,25,SDP,NL,146,509,436,57,80,15,2,17,53,6,1,57,141,.183,.287,.344,.631,84,150,3,7,7,2,1,*8H,grishtr01
280,Vaughn Grissom,21,ATL,NL,40,151,138,23,40,5,0,5,17,5,2,11,32,.290,.351,.435,.786,118,60,0,2,0,0,1,4/6,grissva01
281,Jordan Groshans,22,MIA,NL,12,45,42,4,11,0,0,1,2,0,0,3,9,.262,.311,.333,.644,84,14,2,0,0,0,0,5,groshjo01
282,Robbie Grossman#,32,TOT,MLB,126,465,401,39,83,17,1,7,45,6,2,54,126,.207,.308,.307,.614,78,123,3,6,0,4,0,*79H/D,grossro01
283,Vladimir Guerrero Jr.,23,TOR,AL,155,684,619,86,170,34,0,30,93,8,3,55,113,.275,.338,.475,.813,130,294,26,6,0,4,6,*3D/H5,guerrvl02
284,Luis Guillorme*,27,NYM,NL,97,321,284,32,78,11,1,2,15,1,0,33,42,.275,.354,.342,.696,102,97,14,2,2,0,1,456/HD,guilllu01
285,Lourdes Gurriel Jr.,28,TOR,AL,121,493,453,52,132,32,1,5,52,3,4,31,83,.291,.343,.400,.743,113,181,11,6,0,2,1,*7D/3H,gurrilo01
286,Yuli Gurriel,38,HOU,AL,140,563,525,52,125,38,0,8,51,8,0,29,72,.238,.284,.356,.640,82,187,13,6,0,3,0,*3/HD,gourryu01
287,Dalton Guthrie,26,PHI,NL,10,21,16,2,7,0,0,1,5,1,0,5,5,.438,.571,.625,1.196,239,10,0,0,0,0,0,9/H,guthrda01
288,Kelvin Gutierrez,27,BAL,AL,12,33,28,2,4,1,0,0,3,1,0,4,8,.143,.250,.179,.429,25,5,1,0,0,0,0,5/HD,gutieke01
289,Ronald Guzman*,27,NYY,AL,3,6,6,0,0,0,0,0,0,0,0,0,5,.000,.000,.000,.000,-100,0,1,0,0,0,0,/3,guzmaro01
290,Eric Haase,29,DET,AL,105,334,306,37,77,16,1,12,41,0,0,24,93,.252,.305,.428,.733,111,131,8,1,0,3,1,2HD7,haaseer01
291,Jake Hager,29,ARI,NL,28,59,50,4,12,2,0,0,3,0,0,8,17,.240,.345,.280,.625,82,14,0,0,1,0,0,4/561DH,hagerja01
292,Sam Haggerty#,28,SEA,AL,79,190,170,27,43,9,1,5,20,12,1,14,51,.253,.323,.406,.729,112,69,4,4,1,1,2,97H/D84,haggesa01
293,Darick Hall*,26,PHI,NL,37,135,129,19,34,8,1,9,16,0,0,5,40,.264,.296,.550,.847,132,71,3,1,0,0,0,D/3H1,hallda02
294,Billy Hamilton#,31,TOT,MLB,33,21,19,12,1,0,0,0,0,8,1,1,11,.053,.100,.053,.153,-54,1,0,0,1,0,0,H7/8D45,hamilbi02
295,Caleb Hamilton,27,MIN,AL,17,16,13,3,1,0,0,1,1,0,0,2,9,.077,.200,.308,.508,44,4,0,0,1,0,0,2/H3D,hamilca01
296,Garrett Hampson,27,COL,NL,87,219,192,29,41,7,3,2,14,11,2,21,59,.214,.292,.313,.604,63,60,3,1,3,2,0,86H4/5D,hampsga01
297,Mitch Haniger,31,SEA,AL,51,221,200,25,47,7,0,7,27,0,0,18,56,.235,.299,.375,.674,96,75,7,1,0,2,1,9D,hanigmi01
298,Ian Happ#,27,CHC,NL,151,615,551,70,149,41,2,17,70,9,4,54,145,.270,.340,.445,.784,120,245,10,6,0,4,4,*7D/H8,happia01
299,Bryce Harper*,29,PHI,NL,92,396,343,62,99,28,1,18,64,9,4,43,83,.289,.366,.534,.900,150,183,12,3,0,7,8,D/9H,harpebr03
300,Michael Harris*,21,ATL,NL,109,421,397,75,121,27,3,19,64,20,2,19,101,.305,.344,.531,.876,140,211,7,5,0,0,0,*8,harrimi04
301,Josh Harrison,34,CHW,AL,113,403,364,48,93,18,2,6,25,1,1,21,69,.255,.319,.365,.685,94,133,8,14,2,2,0,45/HD176,harrijo05
302,Monte Harrison,26,LAA,AL,9,14,11,5,2,0,0,1,3,1,0,2,8,.182,.357,.455,.812,129,5,1,1,0,0,0,/78H,harrimo01
303,Adam Haseley*,26,CHW,AL,14,25,21,4,5,0,0,0,2,0,0,3,7,.238,.333,.238,.571,66,5,0,0,1,0,0,/H978D,haselad01
304,Ke'Bryan Hayes,25,PIT,NL,130,540,487,53,120,24,3,7,41,18,5,46,121,.246,.317,.351,.668,89,171,10,5,0,2,0,*5/H6D,hayeske01
305,Austin Hays,26,BAL,AL,139,560,515,66,130,32,2,16,57,2,4,33,109,.252,.309,.416,.724,104,214,11,10,0,2,0,*79/8DH,haysau01
306,Austin Hedges,29,CLE,AL,100,323,281,26,47,4,0,7,29,2,0,23,72,.167,.243,.256,.499,45,72,11,6,10,3,0,2,hedgeau01
307,Jonah Heim#,27,TEX,AL,122,439,395,50,89,20,1,15,47,2,0,41,85,.225,.298,.395,.693,96,156,10,1,0,2,0,*2H/D,heimjo01
308,Tyler Heineman#,31,TOT,MLB,59,166,150,16,34,8,0,0,9,1,0,7,16,.227,.284,.280,.564,61,42,3,5,4,0,0,2/HD,heinety01
309,Gunnar Henderson*,21,BAL,AL,27,106,94,10,25,6,1,4,17,1,1,12,25,.266,.349,.479,.828,133,45,1,0,0,0,1,5/6D4H,hendegu01
310,Liam Hendriks,33,CHW,AL,1,0,0,0,0,0,0,0,0,0,0,0,0,,,,,,0,0,0,0,0,0,1,hendrli01
311,Ryan Hendrix,27,CIN,NL,1,0,0,0,0,0,0,0,0,0,0,0,0,,,,,,0,0,0,0,0,0,/1,hendrry01
312,Payton Henry,25,MIA,NL,15,35,28,2,4,0,0,0,4,0,0,5,8,.143,.314,.143,.457,37,4,0,2,0,0,0,2/H,henrypa01
313,David Hensley,26,HOU,AL,13,31,27,6,8,2,0,1,5,0,0,4,6,.296,.387,.481,.869,147,13,3,0,0,0,0,/D4H56,henslda01
314,Guillermo Heredia,31,ATL,NL,71,77,71,11,9,2,1,3,6,0,0,6,31,.127,.195,.310,.505,38,22,1,0,0,0,0,79H/D8,heredgu01
315,Michael Hermosillo,27,CHC,NL,31,73,61,7,7,2,0,0,4,1,0,7,27,.115,.250,.148,.398,17,9,0,4,1,0,0,8/H97,hermomi01
316,Carlos Hernandez,25,KCR,AL,1,0,0,0,0,0,0,0,0,0,0,0,0,,,,,,0,0,0,0,0,0,1,hernaca04
317,Cesar Hernandez#,32,WSN,NL,141,598,542,63,133,27,4,1,34,9,4,44,111,.245,.309,.315,.625,82,171,9,7,3,2,0,*4/75H,hernace02
318,Elier Hernandez,27,TEX,AL,14,35,33,4,6,2,0,0,3,0,0,1,15,.182,.200,.242,.442,26,8,1,0,0,1,0,/7DH39,hernael02
319,Enrique Hernandez,30,BOS,AL,87,380,341,48,76,23,0,6,43,0,2,32,69,.223,.292,.343,.635,76,117,10,3,0,4,0,84/6H,hernaen02
320,Teoscar Hernandez,29,TOR,AL,126,513,478,64,123,33,1,22,72,6,3,33,148,.257,.308,.469,.777,119,224,17,2,0,0,0,*9/D7H,hernate01
321,Yadiel Hernández*,34,WSN,NL,94,327,305,30,82,16,0,9,41,2,1,19,74,.269,.312,.410,.722,108,125,9,1,0,2,0,7DH/9,hernaya01
322,Yonny Hernandez#,24,ARI,NL,12,28,24,2,2,0,0,0,0,2,0,2,4,.083,.154,.083,.237,-29,2,0,0,2,0,0,5/4H,hernayo02
323,Ivan Herrera,22,STL,NL,11,22,18,0,2,0,0,0,1,0,0,2,8,.111,.190,.111,.302,-10,2,0,0,1,1,0,2,herreiv01
324,Jose Herrera#,25,ARI,NL,47,124,111,9,21,2,0,0,5,0,0,9,34,.189,.250,.207,.457,33,23,1,0,4,0,0,2/DH,herrejo04
325,Odubel Herrera*,30,PHI,NL,62,197,185,23,44,9,1,5,21,6,0,11,42,.238,.279,.378,.658,84,70,3,0,0,1,0,87H/9,herreod01
326,Jason Heyward*,32,CHC,NL,48,151,137,15,28,5,1,1,10,1,0,11,32,.204,.278,.277,.556,58,38,3,3,0,0,0,89/H,heywaja01
327,Brewer Hicklen,26,KCR,AL,6,4,4,1,0,0,0,0,0,0,0,0,4,.000,.000,.000,.000,-100,0,0,0,0,0,0,/H798,hicklbr01
328,Aaron Hicks#,32,NYY,AL,125,435,370,52,83,9,2,8,40,10,3,58,101,.224,.334,.324,.658,90,120,10,4,1,2,3,*87H/D,hicksaa01
329,Kyle Higashioka,32,NYY,AL,79,233,215,25,45,7,0,8,27,0,1,11,49,.209,.247,.353,.600,69,76,4,1,2,4,0,2/HD,higasky01
330,P.J. Higgins,29,CHC,NL,71,216,192,20,45,10,1,6,27,0,0,18,56,.234,.305,.391,.696,95,75,2,2,3,1,0,32H/5D,higgipj01
331,Derek Hill,26,DET,AL,31,92,83,8,19,2,0,1,3,3,0,5,28,.229,.270,.289,.559,64,24,0,0,3,1,0,8/H,hillde01
332,Sam Hilliard*,28,COL,NL,70,200,174,26,32,6,1,2,14,5,1,23,57,.184,.280,.264,.544,48,46,2,1,0,2,0,78/H9,hillisa01
333,Keston Hiura,25,MIL,NL,74,248,217,33,50,6,1,14,31,5,1,22,105,.230,.323,.461,.783,120,100,3,8,0,1,0,3D4/H7,hiurake01
334,Nico Hoerner,25,CHC,NL,128,489,456,52,131,21,5,9,49,19,2,26,55,.287,.333,.414,.748,110,189,11,6,0,1,3,*6/H5D,hoernni01
335,Jeff Hoffman,29,CIN,NL,1,0,0,0,0,0,0,0,0,0,0,0,0,,,,,,0,0,0,0,0,0,1,hoffmje02
336,Rhys Hoskins,29,PHI,NL,149,641,562,80,142,33,2,29,76,2,1,69,159,.253,.339,.473,.812,127,266,11,6,0,3,0,*3/DH,hoskirh01
337,Eric Hosmer*,32,TOT,MLB,102,414,375,38,100,19,0,8,44,0,0,37,64,.267,.333,.381,.715,108,143,12,1,0,1,5,3/D,hosmeer01
338,Sam Huff,24,TEX,AL,39,117,108,7,26,3,0,3,9,1,0,9,38,.241,.299,.352,.651,85,38,1,0,0,0,1,2/H3D,huffsa01
339,Brandon Hughes#,26,CHC,NL,1,0,0,0,0,0,0,0,0,0,0,0,0,,,,,,0,0,0,0,0,0,1,hughebr01
340,Cooper Hummel#,27,ARI,NL,64,192,169,17,29,8,3,2,15,4,1,22,62,.172,.271,.290,.561,60,49,4,1,0,0,0,7HD2/9,hummeco01
341,Tommy Hunter,35,NYM,NL,2,0,0,0,0,0,0,0,0,0,0,0,0,,,,,,0,0,0,0,0,0,1,hunteto02
342,Andy Ibáñez,29,TEX,AL,40,128,119,13,26,4,0,1,9,3,0,9,21,.218,.273,.277,.551,58,33,0,0,0,0,0,5/D34H,ibanean01
343,José Iglesias,32,COL,NL,115,455,427,48,127,30,0,3,47,2,3,17,54,.297,.334,.389,.723,94,166,9,8,0,3,0,*6/D,iglesjo01
344,Ender Inciarte*,31,NYM,NL,11,8,8,1,1,0,0,0,0,0,0,0,0,.125,.125,.125,.250,-28,1,0,0,0,0,0,/7H89D,inciaen01
345,Jonathan India,25,CIN,NL,98,413,371,47,93,15,2,10,39,3,4,30,90,.251,.327,.383,.710,92,142,5,12,0,0,1,4D/H,indiajo01
346,Kyle Isbel*,25,KCR,AL,100,262,242,30,51,9,4,4,25,9,5,14,70,.211,.261,.331,.591,66,80,5,3,1,2,0,987H/D,isbelky01
347,Alex Jackson,26,MIL,NL,5,12,12,0,3,0,0,0,0,0,0,0,7,.250,.250,.250,.500,44,3,0,0,0,0,0,/2H,jacksal02
348,Drew Jackson,28,OAK,AL,3,3,3,0,0,0,0,0,0,0,0,0,1,.000,.000,.000,.000,-100,0,0,0,0,0,0,/957H,jacksdr01
349,Travis Jankowski*,31,TOT,MLB,44,64,55,11,9,0,0,0,2,3,0,8,10,.164,.281,.164,.445,33,9,0,1,0,0,0,7H98/D,jankotr01
350,Danny Jansen,27,TOR,AL,67,228,197,31,50,7,0,14,38,1,0,24,38,.254,.338,.503,.840,137,99,1,3,0,4,1,2/HD,janseda01
351,Ryan Jeffers,25,MIN,AL,61,218,195,23,41,10,0,7,25,0,0,22,59,.210,.290,.369,.660,89,72,5,0,1,0,0,2/DH,jeffery01
352,Eloy Jiménez,25,CHW,AL,79,310,276,38,83,11,0,15,52,0,0,27,66,.301,.365,.504,.868,143,139,8,3,0,4,0,D7/H,jimenel02
353,Connor Joe,29,COL,NL,111,467,404,56,96,20,4,7,28,6,2,55,97,.238,.338,.359,.697,88,145,8,7,0,1,0,7D39H,joeco01
354,Bryce Johnson#,26,SFG,NL,8,16,15,1,1,0,0,0,1,0,0,1,7,.067,.125,.067,.192,-43,1,0,0,0,0,0,/897,johnsbr03
355,Nolan Jones*,24,CLE,AL,28,94,86,10,21,5,0,2,13,0,0,8,31,.244,.309,.372,.681,96,32,2,0,0,0,1,9/DH,jonesno01
356,Taylor Jones,28,HOU,AL,1,1,1,0,0,0,0,0,0,0,0,0,0,.000,.000,.000,.000,-100,0,0,0,0,0,0,/H,jonesta01
357,Aaron Judge,30,NYY,AL,151,672,552,130,173,28,0,61,130,16,3,106,167,.313,.425,.696,1.121,213,384,14,5,0,5,18,*89D/H,judgeaa01
358,Josh Jung,24,TEX,AL,18,72,70,8,16,4,0,5,12,2,0,2,29,.229,.250,.500,.750,107,35,2,0,0,0,0,5/D,jungjo01
359,James Kaprielian,28,OAK,AL,1,0,0,0,0,0,0,0,0,0,0,0,0,,,,,,0,0,0,0,0,0,1/DH,kaprija01
360,Gosuke Katoh*,27,TOR,AL,8,11,7,2,1,1,0,0,0,0,0,3,1,.143,.400,.286,.686,102,2,0,0,1,0,0,/3H4D,katohgo01
361,Jarred Kelenic*,22,SEA,AL,46,148,135,17,20,5,1,5,14,5,2,12,51,.148,.216,.311,.527,52,42,3,0,0,1,0,98/HD7,kelenja01
362,Carson Kelly,27,ARI,NL,98,337,301,39,64,17,0,7,35,2,0,28,68,.213,.285,.339,.624,77,102,9,4,0,4,0,2/H1D,kellyca02
363,Tony Kemp*,30,OAK,AL,141,537,478,58,112,23,2,7,45,11,1,43,66,.234,.306,.335,.641,87,160,5,8,5,3,0,47H/D,kempto01
364,Buddy Kennedy,23,ARI,NL,29,90,80,9,18,2,2,1,12,0,0,7,21,.225,.289,.338,.626,78,27,1,1,0,2,0,4/HD5,kennebu01
365,Ian Kennedy,37,ARI,NL,1,0,0,0,0,0,0,0,0,0,0,0,0,,,,,,0,0,0,0,0,0,1,kenneia01
366,Max Kepler*,29,MIN,AL,115,446,388,54,88,18,1,9,43,3,2,49,66,.227,.318,.348,.666,93,135,7,5,0,4,1,*9/H8D,keplema01
367,Kevin Kiermaier*,32,TBR,AL,63,221,206,28,47,8,0,7,22,6,1,14,61,.228,.281,.369,.649,90,76,2,1,0,0,0,8/DH,kiermke01
368,Ha-Seong Kim,26,SDP,NL,144,558,496,56,123,28,3,10,56,10,2,49,94,.248,.321,.377,.698,104,187,9,6,3,4,0,*65/H,kimha01
369,Craig Kimbrel,34,LAD,NL,1,0,0,0,0,0,0,0,0,0,0,0,0,,,,,,0,0,0,0,0,0,1,kimbrcr01
370,Isiah Kiner-Falefa,27,NYY,AL,137,514,468,66,123,20,0,4,48,20,4,33,71,.263,.315,.331,.646,85,155,13,5,3,5,2,*6/5H,kineris01
371,Scott Kingery,28,PHI,NL,1,0,0,0,0,0,0,0,0,0,0,0,0,,,,,,0,0,0,0,0,0,/4,kingesc01
372,Alex Kirilloff*,24,MIN,AL,45,156,144,14,36,7,0,3,21,0,0,5,36,.250,.290,.361,.651,87,52,5,4,0,2,0,73/9DH,kirilal01
373,Alejandro Kirk,23,TOR,AL,135,526,457,59,133,19,0,14,62,0,0,61,55,.291,.376,.425,.801,130,194,11,4,0,4,2,2DH,kirkal01
374,Andrew Knapp#,30,TOT,MLB,16,46,39,4,5,1,0,0,4,0,0,5,12,.128,.239,.154,.393,15,6,0,1,0,1,0,2/H,knappan01
375,Andrew Knizner,27,STL,NL,91,276,244,27,51,9,0,4,25,0,1,25,58,.209,.298,.295,.593,73,72,8,6,1,0,0,2/H3D1,kniznan01
376,Mark Kolozsvary,26,CIN,NL,10,21,20,3,4,2,0,1,3,0,0,1,9,.200,.238,.450,.688,81,9,1,0,0,0,0,/2H,kolozma01
377,Joey Krehbiel,29,BAL,AL,1,0,0,0,0,0,0,0,0,0,0,0,0,,,,,,0,0,0,0,0,0,1,krehbjo01
378,Ryan Kreidler,24,DET,AL,19,64,55,8,11,1,0,1,5,0,0,4,18,.200,.258,.273,.531,55,15,0,1,2,2,0,5/64H,kreidry01
379,Jason Krizan*,33,SFG,NL,3,10,8,0,1,0,0,0,0,0,0,2,3,.125,.300,.125,.425,27,1,0,0,0,0,0,/7,krizaja01
380,Joel Kuhnel,27,CIN,NL,1,0,0,0,0,0,0,0,0,0,0,0,0,,,,,,0,0,0,0,0,0,1,kuhnejo01
381,Steven Kwan*,24,CLE,AL,141,612,539,86,163,22,7,6,50,19,5,61,54,.302,.377,.403,.780,126,217,8,6,2,4,2,*79/8HD,kwanst01
382,Tommy La Stella*,33,SFG,NL,60,195,180,17,43,14,0,2,14,0,0,11,30,.239,.282,.350,.632,78,63,4,1,0,3,0,DH/534,lasteto01
383,Juan Lagares,33,LAA,AL,20,62,60,4,11,2,1,0,0,0,0,2,15,.183,.210,.250,.460,30,15,0,0,0,0,0,/987H,lagarju01
384,Jake Lamb*,31,TOT,MLB,41,111,97,13,21,6,1,3,6,0,1,11,38,.216,.315,.392,.707,97,38,4,3,0,0,0,D7/H935,lambja01
385,Jimmy Lambert,27,CHW,AL,1,0,0,0,0,0,0,0,0,0,0,0,0,,,,,,0,0,0,0,0,0,1,lambeji01
386,Shea Langeliers,24,OAK,AL,33,128,122,11,27,10,1,3,15,0,0,4,50,.221,.242,.393,.636,82,48,4,0,0,2,0,D2,langesh01
387,Trevor Larnach*,25,MIN,AL,51,180,160,22,37,13,0,5,18,0,0,18,57,.231,.306,.406,.712,104,65,1,0,0,2,1,79/DH,larnatr01
388,Jack Larsen*,27,SEA,AL,1,1,1,0,0,0,0,0,0,0,0,0,1,.000,.000,.000,.000,-100,0,0,0,0,0,0,/9,larseja01
389,Ramon Laureano,27,OAK,AL,94,383,346,49,73,18,0,13,34,11,6,25,104,.211,.287,.376,.663,92,130,6,12,0,0,0,98/DH,laurera01
390,Bryan Lavastida,23,CLE,AL,6,15,12,0,1,0,0,0,0,0,0,3,4,.083,.267,.083,.350,8,1,0,0,0,0,0,/2,lavasbr01
391,Charles Leblanc,26,MIA,NL,43,153,142,16,40,10,0,4,11,4,2,10,45,.282,.333,.437,.770,117,62,0,1,0,0,0,45/3HD,leblach01
392,Khalil Lee*,24,NYM,NL,2,2,2,1,1,0,0,1,3,0,0,0,0,.500,.500,2.000,2.500,573,4,0,0,0,0,0,/8,leekh01
393,Korey Lee,23,HOU,AL,12,26,25,1,4,2,0,0,4,0,0,1,9,.160,.192,.240,.432,23,6,1,0,0,0,0,2/H,leeko01
394,DJ LeMahieu,33,NYY,AL,120,523,451,74,118,18,0,12,46,4,3,65,70,.262,.358,.381,.740,112,172,10,4,1,2,0,543/HD,lemahdj01
395,Sandy Leon#,33,TOT,AL,33,86,71,6,12,3,0,0,4,0,0,13,27,.169,.298,.211,.509,51,15,2,0,2,0,0,2/1,leonsa01
396,Josh Lester*,27,DET,AL,2,5,5,0,0,0,0,0,0,0,0,0,3,.000,.000,.000,.000,-100,0,0,0,0,0,0,/5DH,lestejo02
397,Kyle Lewis,26,SEA,AL,18,62,56,6,8,0,0,3,5,0,0,5,19,.143,.226,.304,.529,54,17,2,1,0,0,0,D/H97,lewisky01
398,Royce Lewis,23,MIN,AL,12,41,40,5,12,4,0,2,5,0,0,1,5,.300,.317,.550,.867,145,22,2,0,0,0,0,6/8,lewisro02
399,Luis Liberato*,26,SDP,NL,7,5,5,0,0,0,0,0,0,0,0,0,3,.000,.000,.000,.000,-100,0,0,0,0,0,0,/HD879,liberlu01
400,Matthew Liberatore*,22,STL,NL,1,0,0,0,0,0,0,0,0,0,0,0,0,,,,,,0,0,0,0,0,0,/1,liberma01
401,Francisco Lindor#,28,NYM,NL,155,682,606,97,166,24,5,25,103,16,6,59,126,.274,.345,.454,.798,128,275,11,10,0,7,2,*6/D,lindofr01
402,Jonathan Loaisiga,27,NYY,AL,1,0,0,0,0,0,0,0,0,0,0,0,0,,,,,,0,0,0,0,0,0,1,loaisjo01
403,Tim Locastro,29,NYY,AL,38,46,43,13,8,1,0,2,4,8,2,2,7,.186,.239,.349,.588,65,15,0,1,0,0,0,H7/89D,locasti01
404,Evan Longoria,36,SFG,NL,86,289,258,29,62,13,0,12,36,0,0,27,80,.240,.315,.430,.745,108,111,6,2,0,2,2,5HD,longoev01
405,Christian Lopes,29,OAK,AL,4,10,9,0,0,0,0,0,0,0,0,1,5,.000,.100,.000,.100,-67,0,0,0,0,0,0,/4HD79,lopesch01
406,Alejo Lopez#,26,CIN,NL,56,146,135,15,37,5,1,1,10,3,1,9,18,.274,.329,.348,.677,84,47,1,2,0,0,1,4H/5D719,lopezal03
407,Jorge Lopez,29,TOT,AL,4,0,0,0,0,0,0,0,0,0,0,0,0,,,,,,0,0,0,0,0,0,1,lopezjo02
408,Nicky Lopez*,27,KCR,AL,137,469,425,50,98,12,4,0,19,13,3,29,63,.231,.285,.278,.563,60,118,7,4,10,1,0,465H/D1,lopezni01
409,Otto Lopez,23,TOR,AL,4,0,0,0,0,0,0,0,0,0,0,0,0,,,,,,0,0,0,0,0,0,/H8D6,lopezot01
410,Reynaldo Lopez,28,CHW,AL,1,0,0,0,0,0,0,0,0,0,0,0,0,,,,,,0,0,0,0,0,0,1,lopezre01
411,Brandon Lowe*,27,TBR,AL,65,266,235,31,52,10,2,8,25,1,0,27,61,.221,.308,.383,.691,102,90,1,3,0,1,0,4D/H9,lowebr01
412,Josh Lowe*,24,TBR,AL,52,198,181,24,40,12,2,2,13,3,0,15,66,.221,.284,.343,.627,84,62,1,1,1,0,1,97/8DH,lowejo01
413,Nathaniel Lowe*,26,TEX,AL,149,615,567,70,173,26,3,25,73,2,2,44,138,.305,.359,.494,.853,141,280,10,4,0,0,2,*3/DH,lowena01
414,Jed Lowrie#,38,OAK,AL,50,184,167,14,30,5,0,3,16,1,0,15,39,.180,.245,.263,.508,49,44,5,0,0,2,0,D/H34,lowrije01
415,Seth Lugo,32,NYM,NL,1,0,0,0,0,0,0,0,0,0,0,0,0,,,,,,0,0,0,0,0,0,1,lugose01
416,Jordan Luplow,28,ARI,NL,80,225,196,25,32,5,0,11,28,5,1,25,57,.163,.267,.357,.624,76,70,5,3,0,1,1,9H7/D835,luplojo01
417,Gavin Lux*,24,LAD,NL,123,447,398,63,113,19,7,6,42,7,2,46,89,.284,.356,.412,.768,111,164,3,0,0,3,0,47/6HD,luxga01
418,Daniel Lynch*,25,KCR,AL,1,0,0,0,0,0,0,0,0,0,0,0,0,,,,,,0,0,0,0,0,0,1,lynchda02
419,Dixon Machado,30,SFG,NL,5,17,15,1,3,0,0,0,0,0,0,1,5,.200,.294,.200,.494,44,3,0,1,0,0,0,/6,machadi01
420,Manny Machado,29,SDP,NL,144,620,554,97,165,35,1,31,100,9,1,63,126,.298,.369,.532,.902,160,295,11,1,0,2,10,*5D/H,machama01
421,Vimael Machin*,28,OAK,AL,70,242,212,26,49,12,0,1,13,1,1,25,40,.231,.314,.302,.616,81,64,6,2,0,3,0,5H/4D6,machivi01
422,David MacKinnon,27,TOT,AL,22,57,50,2,7,0,0,0,6,0,0,6,17,.140,.228,.140,.368,9,7,2,0,0,1,0,3/H5,mackida01
423,Nick Madrigal,25,CHC,NL,59,228,209,19,52,7,0,0,7,3,1,14,27,.249,.305,.282,.588,68,59,6,3,2,0,0,4/H,madrini01
424,Bligh Madris*,26,PIT,NL,39,123,113,10,20,7,0,1,7,2,1,10,31,.177,.244,.265,.509,44,30,0,0,0,0,0,9/37HD8,madribl01
425,Luke Maile,31,CLE,AL,73,200,175,19,36,10,0,3,16,0,0,19,54,.206,.290,.314,.604,75,55,5,3,0,3,0,2,mailelu01
426,Martin Maldonado,35,HOU,AL,109,370,336,39,62,12,0,14,44,0,0,22,111,.185,.248,.345,.593,67,116,6,7,3,2,0,*2,maldoma01
427,Trey Mancini,30,TOT,AL,138,570,502,56,123,23,1,18,63,0,0,53,130,.245,.326,.402,.729,106,202,8,10,0,5,2,D379/H,mancitr01
428,Joe Mantiply,31,ARI,NL,1,0,0,0,0,0,0,0,0,0,0,0,0,,,,,,0,0,0,0,0,0,1,mantijo01
429,Tucupita Marcano*,22,PIT,NL,48,176,159,18,32,6,2,2,13,2,1,10,44,.201,.251,.302,.553,56,48,1,1,5,1,0,74/H96,marcatu01
430,Manuel Margot,27,TBR,AL,84,341,316,35,89,18,2,3,45,6,3,22,65,.282,.331,.380,.711,109,120,7,2,0,1,1,9D8/7H,margoma01
431,Jake Marisnick,31,PIT,NL,31,82,77,9,18,6,0,2,6,2,1,4,24,.234,.272,.390,.661,84,30,2,0,1,0,1,87/H9,marisja01
432,Deven Marrero,31,NYM,NL,5,6,6,0,0,0,0,0,0,1,0,0,3,.000,.000,.000,.000,-100,0,0,0,0,0,0,/65DH,marrede01
433,Brandon Marsh*,24,TOT,MLB,127,434,400,46,97,14,4,10,50,10,4,25,151,.243,.290,.373,.663,87,149,4,3,3,3,1,*78H/9,marshbr02
434,Ketel Marte#,28,ARI,NL,137,558,492,68,118,42,2,12,52,5,1,55,101,.240,.321,.407,.727,106,200,12,6,0,5,3,4D/H,marteke01
435,Starling Marte,33,NYM,NL,118,505,466,76,136,24,5,16,63,18,9,26,97,.292,.347,.468,.814,132,218,18,13,0,0,0,*9/8HD,martest01
436,Brett Martin*,27,TEX,AL,1,0,0,0,0,0,0,0,0,0,0,0,0,,,,,,0,0,0,0,0,0,1,martibr01
437,Chris Martin,36,TOT,NL,1,0,0,0,0,0,0,0,0,0,0,0,0,,,,,,0,0,0,0,0,0,1,martich02
438,Richie Martin,27,BAL,AL,13,33,30,4,5,0,2,0,3,3,1,3,10,.167,.242,.300,.542,53,9,0,0,0,0,0,4/H6D,martiri01
439,J.D. Martinez,34,BOS,AL,133,574,512,70,139,42,1,13,56,0,0,51,138,.271,.340,.434,.774,113,222,20,5,0,5,1,*D,martijd02
440,Michael Massey*,24,KCR,AL,47,174,155,14,38,9,1,3,14,3,0,9,43,.245,.314,.374,.688,93,58,1,7,2,1,0,4/HD5,massemi02
441,Miles Mastrobuoni*,26,TBR,AL,6,10,10,1,3,0,0,0,0,1,0,0,4,.300,.300,.300,.600,78,3,0,0,0,0,0,/4H9,mastrmi01
442,Jorge Mateo,27,BAL,AL,143,509,472,61,104,24,7,13,50,34,9,25,143,.220,.266,.383,.649,82,181,8,5,3,2,0,*6/H,mateojo01
443,Mark Mathias,27,TOT,MLB,26,81,73,13,19,3,0,6,20,3,0,7,29,.260,.321,.548,.869,142,40,0,0,0,1,0,D/H4359,mathima01
444,J.J. Matijevic*,26,HOU,AL,32,71,67,7,14,2,0,2,5,1,0,2,25,.209,.254,.328,.582,65,22,1,2,0,0,0,HD3/7,matijjj01
445,Nick Maton*,25,PHI,NL,30,75,62,12,16,2,1,5,17,0,0,10,24,.258,.360,.565,.925,156,35,0,1,0,2,0,7/94H51,matonni01
446,Jack Mayfield,31,LAA,AL,23,74,70,8,13,1,1,1,6,1,0,3,17,.186,.230,.271,.501,42,19,1,1,0,0,0,4/5H97D1,mayfija01
447,Nomar Mazara*,27,SDP,NL,55,171,159,16,42,8,0,2,18,0,0,10,40,.264,.316,.352,.668,96,56,3,2,0,0,0,9H/7,mazarno01
448,Patrick Mazeika*,28,NYM,NL,24,72,68,4,13,4,0,1,6,0,0,2,9,.191,.214,.294,.508,45,20,0,0,2,0,0,2/H3,mazeipa01
449,James McCann,32,NYM,NL,58,180,163,18,31,6,0,2,15,3,0,11,41,.190,.256,.264,.519,50,43,5,4,0,2,0,2/3H,mccanja02
450,Jake McCarthy*,24,ARI,NL,93,326,294,50,84,15,3,8,41,21,3,23,69,.286,.349,.439,.788,123,129,2,6,2,1,0,978DH,mccarja02
451,Chas McCormick,27,HOU,AL,114,394,348,44,84,11,2,14,43,4,3,44,103,.241,.327,.405,.733,108,141,5,1,0,1,0,*789/HD,mccorch01
452,Andrew McCutchen,35,MIL,NL,130,562,503,66,120,25,0,17,69,8,6,51,117,.239,.311,.390,.701,99,196,10,4,0,4,0,D79/8H,mccutan01
453,Mickey McDonald#,27,OAK,AL,4,6,4,0,0,0,0,0,0,0,0,2,3,.000,.333,.000,.333,9,0,0,0,0,0,0,/H8D9,mcdonmi01
454,Reese McGuire*,27,TOT,AL,85,264,239,24,64,13,1,3,22,1,0,12,52,.268,.307,.368,.676,89,88,6,3,6,3,0,2H/D1,mcguire01
455,Ryan McKenna,25,BAL,AL,100,162,146,23,36,10,0,2,11,2,0,11,52,.247,.306,.356,.662,88,52,3,2,2,1,1,7H98/D1,mckenry01
456,Billy McKinney*,27,OAK,AL,23,57,52,3,5,1,0,1,4,0,0,4,16,.096,.158,.173,.331,-3,9,0,0,0,1,1,9/3H7D,mckinbi01
457,Zach McKinstry*,27,TOT,NL,53,170,152,18,29,5,3,4,11,4,0,15,46,.191,.268,.342,.610,71,52,0,1,2,0,0,54/6H9D7,mckinza01
458,Ryan McMahon*,27,COL,NL,147,577,510,65,124,22,3,19,65,7,3,59,155,.243,.326,.410,.736,96,209,7,5,0,3,0,*54/3DH,mcmahry01
459,Jeff McNeil*,30,NYM,NL,142,567,512,69,164,38,1,7,59,4,0,39,61,.320,.377,.439,.817,135,225,6,11,0,5,1,479/DH5,mcneije01
460,Austin Meadows*,27,DET,AL,36,147,128,9,32,6,2,0,11,0,1,16,17,.250,.347,.328,.675,99,42,2,3,0,0,0,97/DH,meadoau01
461,Adonis Medina,25,NYM,NL,2,0,0,0,0,0,0,0,0,0,0,0,0,,,,,,0,0,0,0,0,0,1,medinad01
462,Francisco Mejia#,26,TBR,AL,89,285,275,31,69,22,0,6,31,0,0,7,62,.251,.274,.396,.670,94,109,6,2,0,1,0,2H/D3,mejiafr01
463,Mark Melancon,37,ARI,NL,2,0,0,0,0,0,0,0,0,0,0,0,0,,,,,,0,0,0,0,0,0,1,melanma01
464,MJ Melendez*,23,KCR,AL,122,503,431,55,94,18,3,18,60,2,2,64,124,.218,.316,.399,.715,100,172,2,1,0,7,1,2D79/H,melenmj01
465,Danny Mendick,28,CHW,AL,31,106,97,22,28,4,1,3,15,1,0,7,23,.289,.343,.443,.786,121,43,2,1,1,0,0,6/457H,mendida01
466,Joey Meneses,30,WSN,NL,49,212,197,29,63,12,0,12,29,1,0,12,47,.320,.358,.563,.922,162,111,12,1,0,2,2,39/7H,menesjo01
467,Oscar Mercado,27,TOT,MLB,55,128,121,17,25,6,1,4,16,2,2,5,29,.207,.242,.372,.614,74,45,4,1,0,1,0,97H/8D,mercaos01
468,Yermin Mercedes,29,SFG,NL,31,83,73,9,17,5,0,1,8,0,0,9,17,.233,.325,.342,.668,90,25,1,1,0,0,0,D/H732,merceye01
469,Whit Merrifield,33,TOT,AL,133,527,482,65,115,26,1,10,53,16,4,38,83,.239,.290,.359,.649,83,173,10,0,0,7,0,498/HD731,merriwh01
470,Jake Meyers,26,HOU,AL,47,149,139,11,29,6,2,1,14,1,1,7,50,.209,.255,.302,.557,59,42,1,2,0,1,0,8/H,meyerja02
471,Keynan Middleton,28,ARI,NL,1,0,0,0,0,0,0,0,0,0,0,0,0,,,,,,0,0,0,0,0,0,1,middlke01
472,Brad Miller*,32,TEX,AL,81,241,222,20,47,3,0,7,32,4,2,18,70,.212,.270,.320,.590,68,71,3,0,0,1,0,75DH/9,millebr02
473,Owen Miller,25,CLE,AL,124,456,409,52,101,25,1,5,48,2,0,31,88,.247,.305,.350,.654,89,143,7,7,0,9,1,34DH/5,milleow01
474,Alec Mills,30,CHC,NL,1,0,0,0,0,0,0,0,0,0,0,0,0,,,,,,0,0,0,0,0,0,/1,millsal02
475,Wyatt Mills,27,TOT,AL,1,0,0,0,0,0,0,0,0,0,0,0,0,,,,,,0,0,0,0,0,0,1,millswy01
476,Jose Miranda,24,MIN,AL,118,460,425,45,117,25,0,15,66,1,1,26,85,.275,.328,.440,.768,120,187,19,8,0,1,0,35D/H,miranjo01
477,Calvin Mitchell*,23,PIT,NL,65,224,204,19,45,9,0,5,17,3,1,18,51,.221,.283,.338,.621,75,69,3,0,1,1,0,9D/H,mitchca01
478,Garrett Mitchell*,23,MIL,NL,23,55,49,7,14,2,0,1,8,5,0,5,23,.286,.352,.388,.740,111,19,0,0,1,0,0,8/H,mitchga01
479,Yadier Molina,39,STL,NL,74,261,254,19,56,8,0,5,23,2,0,5,38,.220,.241,.311,.552,58,79,9,2,0,0,0,2/13,molinya01
480,Yoan Moncada#,27,CHW,AL,98,408,372,39,79,16,1,12,49,2,0,32,106,.212,.278,.358,.635,78,133,5,2,1,1,2,5/H,moncayo01
481,Adalberto Mondesí#,26,KCR,AL,15,54,50,3,7,0,0,0,3,5,0,4,20,.140,.204,.140,.344,0,7,2,0,0,0,0,6,mondera02
482,Mickey Moniak*,24,TOT,MLB,37,112,106,13,18,3,1,3,8,1,0,4,44,.170,.207,.302,.509,42,32,0,1,1,0,0,87/H9D,moniami01
483,Elehuris Montero,23,COL,NL,49,172,163,20,38,14,0,6,19,0,0,8,54,.233,.273,.429,.703,85,70,4,1,0,0,0,53D/H,monteel01
484,Dylan Moore,29,SEA,AL,98,234,187,36,40,10,2,6,21,19,7,33,69,.214,.362,.385,.747,120,72,3,11,1,1,2,9H674/83D5,mooredy01
485,Colin Moran*,29,CIN,NL,42,128,109,11,23,3,0,5,23,0,0,16,30,.211,.305,.376,.681,84,41,4,0,0,3,0,35/HD,moranco01
486,Christopher Morel,23,CHC,NL,107,404,360,55,86,18,4,16,45,10,7,36,131,.239,.312,.444,.756,111,160,5,3,3,2,0,8456/HD7,morelch01
487,Gabriel Moreno,22,TOR,AL,22,64,61,5,17,1,0,0,4,0,0,3,8,.279,.313,.295,.608,76,18,2,0,0,0,0,2/HD,morenga01
488,Dauri Moreta,26,CIN,NL,1,0,0,0,0,0,0,0,0,0,0,0,0,,,,,,0,0,0,0,0,0,1,moretda01
489,Reyes Moronta,29,TOT,NL,1,0,0,0,0,0,0,0,0,0,0,0,0,,,,,,0,0,0,0,0,0,1,moronre01
490,Taylor Motter,32,CIN,NL,2,6,6,0,1,0,0,0,0,0,0,0,3,.167,.167,.167,.333,-9,1,0,0,0,0,0,/54,motteta01
491,Ryan Mountcastle,25,BAL,AL,139,585,533,62,133,27,1,22,83,4,1,41,147,.250,.304,.428,.732,105,228,12,4,0,7,1,*3D/H,mountry01
492,Mike Moustakas*,33,CIN,NL,78,285,252,30,54,12,0,7,25,2,0,24,75,.214,.295,.345,.640,73,87,8,6,0,3,0,D53/H,moustmi01
493,Cedric Mullins*,27,BAL,AL,150,647,586,87,153,31,4,16,64,32,10,44,119,.261,.320,.410,.729,106,240,4,9,1,5,2,*8/HD,mullice01
494,Max Muncy*,31,LAD,NL,129,540,446,68,89,21,1,21,68,2,0,85,135,.200,.328,.392,.720,98,175,2,3,0,6,1,54D/H3,muncyma01
495,Yairo Munoz,27,PHI,NL,29,60,57,7,12,2,0,3,7,1,0,3,10,.211,.250,.404,.654,81,23,0,0,0,0,0,4/5H97,munozya01
496,Penn Murfee,28,SEA,AL,1,0,0,0,0,0,0,0,0,0,0,0,0,,,,,,0,0,0,0,0,0,1,murfepe01
497,Sean Murphy,27,OAK,AL,143,592,520,67,130,37,2,18,66,1,0,54,119,.250,.332,.433,.764,121,225,13,12,0,5,2,*2D/H,murphse01
498,Tom Murphy,31,SEA,AL,14,42,33,9,10,2,0,1,1,0,0,8,13,.303,.439,.455,.894,163,15,1,0,0,0,0,2/HD,murphto04
499,Simon Muzziotti*,23,PHI,NL,9,9,7,0,1,0,0,0,0,0,0,0,2,.143,.250,.143,.393,15,1,0,1,1,0,0,/8H,muzzisi01
500,Wil Myers,31,SDP,NL,72,271,249,27,64,15,0,5,36,2,1,18,79,.257,.306,.378,.684,99,94,7,1,0,3,1,93/781H5,myerswi01
501,Tyler Naquin*,31,TOT,NL,99,319,295,46,71,19,4,11,46,4,2,19,86,.241,.296,.444,.740,102,131,2,4,1,0,2,9HD7/8,naquity01
502,Andrew Nardi*,23,MIA,NL,1,0,0,0,0,0,0,0,0,0,0,0,0,,,,,,0,0,0,0,0,0,1,nardian01
503,Omar Narvaez*,30,MIL,NL,79,285,254,20,54,12,1,4,23,0,0,27,55,.213,.295,.315,.610,74,80,4,3,0,1,1,2/DH,narvaom01
504,Josh Naylor*,25,CLE,AL,118,482,434,44,110,26,0,19,73,6,1,37,77,.253,.317,.445,.762,118,193,12,6,0,5,4,3D/H9,naylojo01
505,Kyle Nelson*,25,ARI,NL,2,0,0,0,0,0,0,0,0,0,0,0,0,,,,,,0,0,0,0,0,0,1,nelsoky01
506,Sheldon Neuse,27,OAK,AL,89,293,271,25,58,4,2,4,26,6,1,20,80,.214,.273,.288,.561,64,78,5,2,0,0,0,543HD/16,neusesh01
507,Tyler Nevin,25,BAL,AL,57,181,155,17,31,4,0,2,16,0,0,19,46,.200,.298,.265,.563,62,41,4,4,0,3,0,5/3D79,nevinty01
508,Kevin Newman,28,PIT,NL,73,295,275,31,76,18,2,2,23,8,2,15,48,.276,.317,.378,.696,96,104,6,2,2,1,0,46/HD,newmake01
509,Tomás Nido,28,NYM,NL,94,302,273,29,66,15,0,2,27,0,0,14,75,.242,.279,.319,.598,72,87,13,1,12,2,0,2/H,nidoto01
510,Brandon Nimmo*,29,NYM,NL,146,652,560,99,149,28,7,14,58,3,2,70,113,.266,.362,.416,.778,124,233,9,16,3,3,0,*8,nimmobr01
511,Austin Nola,32,SDP,NL,106,382,333,39,84,15,0,4,38,2,1,33,59,.252,.323,.333,.656,93,111,4,6,1,9,1,2/DH45,nolaau01
512,Lars Nootbaar*,24,STL,NL,102,323,268,49,61,13,3,14,40,4,1,49,65,.228,.344,.455,.799,129,122,3,1,0,5,1,9H8/7D,nootbla01
513,Daniel Norris*,29,TOT,MLB,1,0,0,0,0,0,0,0,0,0,0,0,0,,,,,,0,0,0,0,0,0,1,norrida01
514,Dom Nunez*,27,COL,NL,14,41,33,3,4,1,0,0,2,0,0,6,10,.121,.244,.152,.395,10,5,0,0,0,2,0,2,nunezdo01
515,Ryan O'Hearn*,28,KCR,AL,63,137,126,13,29,5,1,1,13,0,0,8,34,.230,.285,.310,.594,68,39,2,2,0,1,0,HD39,ohearry01
516,Logan O'Hoppe,22,LAA,AL,1,3,3,0,1,0,0,0,0,0,0,0,1,.333,.333,.333,.667,91,1,0,0,0,0,0,/2,ohopplo01
517,Tyler O'Neill,27,STL,NL,96,383,334,56,76,11,1,14,58,14,4,38,103,.228,.308,.392,.700,101,131,9,4,0,7,0,78/HD,oneilty01
518,Rougned Odor*,28,BAL,AL,130,457,413,49,87,19,3,13,53,6,1,31,107,.211,.278,.366,.644,81,151,9,9,0,4,1,*4H/5D,odorro01
519,Shohei Ohtani*,27,LAA,AL,150,635,557,88,152,29,6,34,93,11,9,71,151,.273,.357,.530,.887,148,295,5,4,0,3,13,*D1/H,ohtansh01
520,Steven Okert*,30,MIA,NL,1,0,0,0,0,0,0,0,0,0,0,0,0,,,,,,0,0,0,0,0,0,1,okertst01
521,Chris Okey,27,CIN,NL,7,13,12,3,2,0,0,0,0,0,0,0,5,.167,.231,.167,.397,11,2,0,1,0,0,0,/2,okeych01
522,Edward Olivares,26,KCR,AL,46,148,135,22,42,8,0,4,15,2,3,10,29,.311,.365,.459,.824,131,62,1,2,0,1,0,97H/D8,olivaed02
523,Matt Olson*,28,ATL,NL,156,674,593,80,140,43,0,30,96,0,0,73,163,.236,.322,.460,.782,115,273,12,4,0,4,6,*3,olsonma02
524,Rafael Ortega*,31,CHC,NL,118,371,316,35,76,14,1,7,35,12,7,44,74,.241,.331,.358,.688,95,113,10,2,1,7,2,8HD97,ortegra01
525,James Outman*,25,LAD,NL,4,16,13,6,6,2,0,1,3,0,0,2,7,.462,.563,.846,1.409,282,11,0,1,0,0,0,/7D9,outmaja01
526,Chris Owings,30,BAL,AL,26,68,56,6,6,2,0,0,0,1,0,10,24,.107,.254,.143,.397,17,8,3,1,1,0,0,4/6H571,owingch01
527,Marcell Ozuna,31,ATL,NL,121,496,459,55,102,17,0,22,53,2,1,31,119,.222,.272,.403,.675,85,185,12,2,0,4,0,D7,ozunama01
528,Cristian Pache,23,OAK,AL,86,248,231,17,37,5,2,2,16,1,2,14,68,.160,.211,.225,.436,28,52,5,1,2,0,0,8/H,pachecr01
529,Kevin Padlo,25,TOT,MLB,13,34,33,0,4,1,0,0,3,0,0,1,10,.121,.147,.152,.299,-14,5,2,0,0,0,0,/35H,padloke01
530,Jermaine Palacios,25,MIN,AL,23,64,57,5,5,0,0,0,3,0,0,4,22,.088,.143,.088,.231,-31,5,1,0,1,2,0,64/15H,palacje01
531,Josh Palacios*,26,WSN,NL,26,40,38,7,7,1,0,0,2,1,0,1,12,.184,.225,.211,.436,28,8,0,1,0,0,0,H9/7D,palacjo01
532,Richie Palacios*,25,CLE,AL,54,123,112,7,26,6,0,0,10,2,0,9,20,.232,.293,.286,.578,69,32,2,1,0,1,1,7HD/4,palacri01
533,Michael Papierski#,26,TOT,NL,39,103,91,7,13,1,0,1,4,0,0,10,26,.143,.228,.187,.415,15,17,4,0,2,0,0,2/3H,papiemi01
534,Isaac Paredes,23,TBR,AL,105,360,314,48,68,16,0,20,45,0,1,40,64,.217,.311,.459,.770,123,144,10,4,0,2,0,543H/6,paredis01
535,Hoy Park*,26,PIT,NL,23,60,51,7,11,2,0,2,6,1,0,4,15,.216,.276,.373,.648,81,19,0,1,2,2,0,4/5H69,parkho01
536,Vinnie Pasquantino*,24,KCR,AL,65,268,232,21,65,10,0,9,24,0,0,31,33,.280,.369,.440,.809,127,102,5,3,0,2,1,D3,pasquvi01
537,Joel Payamps,28,TOT,AL,2,0,0,0,0,0,0,0,0,0,0,0,0,,,,,,0,0,0,0,0,0,1,payamjo01
538,Mark Payton*,30,CHW,AL,2,5,2,1,0,0,0,0,0,0,0,3,1,.000,.600,.000,.600,91,0,0,0,0,0,0,/79,paytoma01
539,Joc Pederson*,30,SFG,NL,128,412,364,53,99,18,2,23,70,3,2,37,98,.272,.347,.522,.869,142,190,5,7,0,4,3,*7H9D,pederjo01
540,Liover Peguero,21,PIT,NL,1,4,3,0,1,0,0,0,0,0,0,1,2,.333,.500,.333,.833,143,1,0,0,0,0,0,/6,pegueli01
541,Jeremy Pena,24,HOU,AL,131,540,503,70,125,20,1,20,57,11,2,22,130,.249,.285,.412,.697,96,207,5,6,1,5,0,*6/H,penaje02
542,David Peralta*,34,TOT,MLB,130,477,429,39,105,29,3,12,58,1,3,39,111,.245,.308,.410,.718,105,176,8,3,0,6,5,*7HD,peralda01
543,Oswald Peraza,22,NYY,AL,13,37,32,5,10,3,0,0,1,1,0,3,6,.313,.405,.406,.812,133,13,0,2,0,0,0,/6H4,perazos02
544,Geraldo Perdomo#,22,ARI,NL,142,480,416,58,82,10,2,5,39,9,2,47,101,.197,.286,.267,.553,59,111,3,5,11,1,0,*6/5H4,perdoge01
545,Carlos Perez,25,CHW,AL,2,4,4,0,1,0,0,0,0,0,0,0,0,.250,.250,.250,.500,43,1,0,0,0,0,0,/2H,perezca03
546,Cionel Pérez,26,BAL,AL,2,0,0,0,0,0,0,0,0,0,0,0,0,,,,,,0,0,0,0,0,0,1,perezci01
547,Joe Perez,22,HOU,AL,1,1,1,0,0,0,0,0,0,0,0,0,1,.000,.000,.000,.000,-100,0,0,0,0,0,0,/5H,perezjo02
548,Michael Perez*,29,TOT,NL,45,132,121,10,18,0,0,6,14,1,0,10,32,.149,.214,.298,.511,43,36,2,0,1,0,0,2/H,perezmi03
549,Roberto Perez,33,PIT,NL,21,69,60,8,14,2,0,2,8,0,0,9,25,.233,.333,.367,.700,98,22,1,0,0,0,0,2/H,perezro02
550,Salvador Perez,32,KCR,AL,111,460,432,47,109,23,1,22,74,0,0,18,108,.252,.291,.463,.754,108,200,8,7,0,3,2,2D,perezsa02
551,Jace Peterson*,32,MIL,NL,105,314,276,42,67,14,2,8,34,11,1,31,81,.243,.321,.395,.715,103,109,8,2,2,3,2,5H9/374D1,peterja01
552,Tommy Pham,34,TOT,MLB,139,603,536,89,131,23,1,17,63,8,3,55,163,.244,.320,.386,.706,92,207,19,7,0,5,0,*7D/H,phamth01
553,Brett Phillips*,28,TOT,AL,83,225,201,22,29,6,0,5,15,7,0,16,94,.144,.217,.249,.466,37,50,0,3,4,1,0,89H/71D,phillbr02
554,Evan Phillips,27,LAD,NL,1,1,0,0,0,0,0,0,0,0,0,1,0,,1.000,,,,0,0,0,0,0,0,1,phillev01
555,Kevin Pillar,33,LAD,NL,4,13,12,1,1,1,0,0,0,0,0,1,4,.083,.154,.167,.321,-11,2,1,0,0,0,0,/78,pillake01
556,Manny Pina,35,ATL,NL,5,17,14,1,2,0,0,0,2,0,0,1,1,.143,.235,.143,.378,9,2,0,1,0,1,0,/2,pinama01
557,Chad Pinder,30,OAK,AL,105,366,348,36,80,17,0,12,42,2,0,14,115,.230,.258,.382,.640,84,133,10,0,1,2,0,79HD/5341,pindech01
558,Israel Pineda,22,WSN,NL,3,11,10,1,0,0,0,0,0,0,0,1,6,.000,.091,.000,.091,-70,0,0,0,0,0,0,/2,pinedis01
559,Rene Pinto,25,TBR,AL,24,79,76,5,16,2,0,2,10,0,0,2,33,.211,.241,.316,.556,62,24,2,1,0,0,0,2,pintore02
560,Stephen Piscotty,31,OAK,AL,42,139,126,12,24,4,0,5,14,2,0,9,48,.190,.252,.341,.593,71,43,2,2,0,2,1,9/D7H,piscost01
561,Kevin Plawecki,31,TOT,AL,61,178,160,15,35,8,0,1,13,0,0,14,29,.219,.288,.288,.576,61,46,5,2,1,1,0,2/H1,plaweke01
562,Nick Plummer*,25,NYM,NL,14,31,29,4,4,1,0,2,6,0,0,1,12,.138,.194,.379,.573,60,11,1,1,0,0,0,/D97H,plummni01
563,Jorge Polanco#,28,MIN,AL,104,445,375,54,88,16,0,16,56,3,3,64,95,.235,.346,.405,.751,117,152,4,2,0,4,1,4/6DH,polanjo01
564,AJ Pollock,34,CHW,AL,133,509,473,58,117,25,1,14,56,2,1,30,94,.247,.293,.393,.686,92,186,12,2,0,4,0,*789/H,polloaj01
565,Zach Pop,25,TOT,MLB,1,0,0,0,0,0,0,0,0,0,0,0,0,,,,,,0,0,0,0,0,0,1,popza01
566,Sean Poppen,28,ARI,NL,2,0,0,0,0,0,0,0,0,0,0,0,0,,,,,,0,0,0,0,0,0,1,poppese01
567,Nick Pratto*,23,KCR,AL,49,182,158,18,29,9,1,7,20,0,0,19,66,.184,.271,.386,.657,83,61,6,1,1,3,0,3/7H9,prattni01
568,David Price*,36,LAD,NL,1,0,0,0,0,0,0,0,0,0,0,0,0,,,,,,0,0,0,0,0,0,1,priceda01
569,Ford Proctor*,25,SFG,NL,3,10,8,0,1,0,0,0,1,0,0,1,2,.125,.200,.125,.325,-5,1,0,0,0,1,0,/4,proctfo01
570,Jurickson Profar#,29,SDP,NL,146,632,551,80,133,35,2,15,58,5,1,71,96,.241,.331,.394,.725,112,217,11,4,3,3,0,*7/DH,profaju01
571,Albert Pujols,42,STL,NL,104,337,295,36,77,13,0,21,58,1,2,26,54,.261,.335,.519,.854,142,153,13,10,0,6,1,DH3/1,pujolal01
572,Roman Quinn#,29,TOT,MLB,44,87,79,15,17,3,2,0,7,4,3,7,36,.215,.287,.304,.591,71,24,0,1,0,0,0,87H/9,quinnro01
573,Esteban Quiroz*,30,CHC,NL,10,34,29,3,10,0,0,0,3,0,1,3,6,.345,.424,.345,.769,122,10,0,1,1,0,0,/4H,quiroes01
574,Cal Raleigh#,25,SEA,AL,115,400,357,44,73,20,1,25,60,1,0,37,116,.204,.280,.476,.756,116,170,5,2,0,4,0,*2H,raleica01
575,Luke Raley*,27,TBR,AL,22,72,61,7,12,2,0,1,4,0,0,7,24,.197,.306,.279,.584,74,17,1,3,0,1,0,/97D3H,raleylu01
576,Harold Ramirez,27,TBR,AL,114,414,383,45,119,24,0,6,57,3,5,19,67,.311,.353,.420,.773,127,161,5,8,0,4,1,D39H/7,ramirha02
577,Jose Ramirez#,29,CLE,AL,151,659,577,86,159,42,5,28,119,18,7,67,79,.276,.352,.511,.863,146,295,5,6,0,9,19,*5D,ramirjo01
578,Noe Ramirez,32,ARI,NL,1,0,0,0,0,0,0,0,0,0,0,0,0,,,,,,0,0,0,0,0,0,1,ramirno01
579,Heliot Ramos,22,SFG,NL,9,22,20,4,2,0,0,0,0,0,0,2,6,.100,.182,.100,.282,-17,2,1,0,0,0,0,/97H,ramoshe02
580,J.T. Realmuto,31,PHI,NL,133,539,482,73,132,24,5,21,82,18,0,41,111,.274,.341,.475,.816,128,229,6,11,0,5,1,*2/H3D,realmjt01
581,Jake Reed,29,TOT,MLB,2,0,0,0,0,0,0,0,0,0,0,0,0,,,,,,0,0,0,0,0,0,1,reedja02
582,Rob Refsnyder,31,BOS,AL,56,173,150,25,47,11,0,6,21,1,1,15,44,.313,.387,.507,.894,146,76,1,5,0,3,0,9H8/D7,refsnro01
583,Zach Reks*,28,TEX,AL,16,34,34,3,9,1,0,0,3,0,1,0,10,.265,.265,.294,.559,60,10,0,0,0,0,0,7/H9,reksza01
584,Anthony Rendon,32,LAA,AL,45,188,162,15,37,10,0,5,24,2,0,23,32,.228,.324,.383,.707,101,62,7,1,0,2,0,5/H,rendoan01
585,Hunter Renfroe,30,MIL,NL,119,497,450,59,114,21,1,28,70,1,1,39,117,.253,.317,.491,.808,126,221,10,4,1,3,1,*9/D3,renfrhu01
586,Luis Rengifo#,25,LAA,AL,120,480,460,43,125,22,4,15,50,6,2,15,74,.272,.301,.435,.735,106,200,9,4,1,0,0,456/H97,rengilu01
587,Franmil Reyes,26,TOT,MLB,111,444,413,38,91,15,2,13,43,2,0,27,153,.220,.268,.361,.629,78,149,12,1,0,3,0,D9/H71,reyesfr01
588,Pablo Reyes,28,MIL,NL,5,16,15,1,4,0,0,0,0,0,0,1,2,.267,.313,.267,.579,68,4,0,0,0,0,0,/651,reyespa01
589,Victor Reyes#,27,DET,AL,85,310,291,22,75,18,3,1,29,2,2,12,69,.258,.290,.351,.641,86,102,7,3,0,4,0,97H/8D,reyesvi01
590,Bryan Reynolds#,27,PIT,NL,140,591,522,72,137,17,4,26,60,7,3,54,136,.262,.345,.460,.805,125,240,13,13,0,2,6,*8D/H,reynobr01
591,Matt Reynolds,31,TOT,NL,90,265,238,31,60,10,1,3,23,5,0,25,77,.252,.325,.340,.665,81,81,7,1,0,1,0,46H359/718D,reynoma03
592,JT Riddle*,30,CIN,NL,2,4,4,0,1,0,0,0,0,0,0,0,1,.250,.250,.250,.500,37,1,0,0,0,0,0,/5H,riddljt01
593,Austin Riley,25,ATL,NL,154,672,597,87,164,38,2,37,92,2,0,55,160,.275,.350,.531,.881,142,317,13,16,0,4,1,*5/3H,rileyau01
594,Edwin Rios*,28,LAD,NL,27,92,86,12,21,1,0,7,17,0,1,5,36,.244,.293,.500,.793,114,43,2,1,0,0,1,D/H35,riosed01
595,Alfonso Rivas*,25,CHC,NL,95,276,244,27,59,5,2,3,25,6,1,26,84,.242,.320,.316,.636,81,77,1,3,1,2,1,3H/D79,rivasal01
596,Emmanuel Rivera,26,TOT,MLB,101,355,327,46,76,16,3,12,39,1,2,22,83,.232,.290,.410,.700,96,134,8,5,0,1,0,5H/D3,riverem01
597,Sebastian Rivero,23,KCR,AL,14,24,21,2,4,0,0,0,1,0,0,2,8,.190,.261,.190,.451,31,4,0,0,1,0,0,2/H,riverse01
598,Anthony Rizzo*,32,NYY,AL,125,527,447,75,102,21,1,32,75,6,5,57,97,.228,.342,.494,.836,135,221,13,21,0,2,6,*3/DH,rizzoan01
599,Luis Robert,24,CHW,AL,98,401,380,54,108,18,0,12,56,11,3,17,77,.284,.319,.426,.746,109,162,6,3,0,1,1,8/HD,roberlu01
600,David Robertson,37,TOT,NL,2,1,1,0,0,0,0,0,0,0,0,0,1,.000,.000,.000,.000,-100,0,0,0,0,0,0,1,roberda08
601,Kramer Robertson,27,STL,NL,2,1,1,0,0,0,0,0,1,0,0,0,0,.000,.000,.000,.000,-100,0,0,0,0,0,0,/HD6,roberkr01
602,Chuckie Robinson,27,CIN,NL,22,53,52,2,5,1,0,1,3,0,0,0,16,.096,.096,.173,.269,-29,9,5,0,1,0,0,2,robinch04
603,Victor Robles,25,WSN,NL,127,391,351,42,80,9,2,6,32,15,2,17,99,.228,.279,.316,.595,73,111,3,9,11,3,0,*8/HD,roblevi01
604,Brendan Rodgers,25,COL,NL,130,552,502,68,131,29,3,11,61,0,0,43,96,.261,.319,.396,.715,91,199,24,2,0,5,0,*4,rodgebr02
605,Joely Rodriguez*,30,NYM,NL,2,0,0,0,0,0,0,0,0,0,0,0,0,,,,,,0,0,0,0,0,0,1,rodrijo06
606,Julio Rodriguez,21,SEA,AL,129,549,500,81,140,24,3,27,73,25,7,40,143,.280,.342,.502,.844,144,251,7,8,0,1,4,*8/H,rodriju01
607,Taylor Rogers*,31,TOT,NL,1,0,0,0,0,0,0,0,0,0,0,0,0,,,,,,0,0,0,0,0,0,1,rogerta01
608,Jose Rojas*,29,LAA,AL,22,57,56,1,7,2,0,0,1,0,0,0,19,.125,.140,.161,.301,-14,9,1,1,0,0,0,5/H97,rojasjo02
609,Josh Rojas*,28,ARI,NL,119,484,421,63,110,21,1,8,50,20,3,53,94,.261,.344,.373,.717,105,157,7,2,4,4,2,54/HD,rojasjo01
610,Miguel Rojas,33,MIA,NL,136,495,460,34,108,19,2,6,35,9,3,25,60,.235,.281,.324,.605,72,149,12,6,1,3,1,*6/3H,rojasmi02
611,JoJo Romero*,25,TOT,NL,1,0,0,0,0,0,0,0,0,0,0,0,0,,,,,,0,0,0,0,0,0,1,romerjo01
612,Austin Romine,33,TOT,MLB,47,123,116,10,19,3,0,3,9,0,0,4,40,.164,.198,.267,.466,27,31,2,1,2,0,0,2/DH,rominau01
613,Brent Rooker,27,TOT,MLB,16,36,32,1,4,1,0,0,2,0,0,3,11,.125,.222,.156,.378,11,5,2,1,0,0,0,/7HD9,rookebr01
614,Amed Rosario,26,CLE,AL,148,649,617,83,174,26,9,11,70,17,4,25,108,.282,.313,.407,.720,106,251,19,4,0,3,0,*6/D7H,rosaram01
615,Eddie Rosario*,30,ATL,NL,76,256,237,27,52,12,1,5,22,3,0,17,62,.219,.270,.342,.611,69,81,3,0,0,2,0,79H/D,rosared01
616,Eguy Rosario,22,SDP,NL,7,6,5,0,1,0,0,0,0,0,0,1,2,.200,.333,.200,.533,62,1,0,0,0,0,0,/H56D,rosareg01
617,Darin Ruf,35,TOT,NL,118,388,334,52,68,12,0,11,45,2,0,45,105,.204,.307,.338,.645,83,113,11,6,0,3,0,3DH7/91,rufda01
618,Esteury Ruiz,23,TOT,NL,17,36,35,3,6,1,1,0,2,1,2,1,7,.171,.194,.257,.452,30,9,0,0,0,0,0,/789H,ruizes01
619,Keibert Ruiz#,23,WSN,NL,112,433,394,33,99,22,0,7,36,6,1,30,50,.251,.313,.360,.673,95,142,9,6,1,2,0,*2H/D,ruizke01
620,Adley Rutschman#,24,BAL,AL,107,444,378,67,96,32,1,13,41,4,0,59,81,.254,.358,.447,.805,128,169,4,4,0,3,0,2D/H,rutscad01
621,Gary Sanchez,29,MIN,AL,122,446,399,40,84,23,0,15,57,2,0,35,126,.211,.283,.381,.663,90,152,11,7,0,5,0,2DH/3,sanchga02
622,Jesus Sanchez*,24,MIA,NL,93,325,297,36,61,12,3,12,33,1,0,24,86,.205,.271,.387,.658,84,115,7,3,0,1,0,8/7H9,sanchje02
623,Yolmer Sanchez#,30,TOT,MLB,17,44,37,1,4,0,0,0,2,0,2,5,13,.108,.214,.108,.322,-6,4,0,0,2,0,0,4/51H6,sanchca01
624,Donny Sands,26,PHI,NL,3,4,3,0,0,0,0,0,0,0,0,1,1,.000,.250,.000,.250,-20,0,1,0,0,0,0,/H2D,sandsdo01
625,Reiver Sanmartin*,26,CIN,NL,1,2,2,0,0,0,0,0,0,0,0,0,1,.000,.000,.000,.000,-100,0,0,0,0,0,0,1,sanmare01
626,Miguel Sano,29,MIN,AL,20,71,60,1,5,0,0,1,3,1,0,9,25,.083,.211,.133,.345,3,8,0,1,0,1,0,3/D,sanomi01
627,Carlos Santana#,36,TOT,AL,124,481,409,48,79,17,0,19,58,0,0,68,83,.193,.310,.374,.684,96,153,9,2,0,2,2,3D/H,santaca01
628,Anthony Santander#,27,BAL,AL,146,623,556,76,138,24,0,33,88,0,2,51,116,.248,.323,.469,.792,122,261,14,12,0,4,1,*97D/H,santaan02
629,Clarke Schmidt,26,NYY,AL,1,0,0,0,0,0,0,0,0,0,0,0,0,,,,,,0,0,0,0,0,0,1,schmicl01
630,Jonathan Schoop,30,DET,AL,125,484,459,46,93,22,1,11,38,5,0,17,102,.203,.236,.327,.562,62,150,15,4,0,4,1,*4/3HD,schoojo01
631,Max Schrock*,27,CIN,NL,13,27,26,1,4,0,0,0,1,0,0,1,6,.154,.185,.154,.339,-6,4,0,0,0,0,0,/H947D1,schroma01
632,Kyle Schwarber*,29,PHI,NL,148,640,555,95,118,21,2,42,87,9,1,79,194,.213,.314,.485,.799,122,269,10,4,0,2,3,*7D/H,schwaky01
633,Frank Schwindel,30,CHC,NL,75,292,271,23,62,11,0,8,36,0,0,19,58,.229,.277,.358,.635,78,97,12,0,0,2,1,3D/H1,schwifr01
634,Tanner Scott,27,MIA,NL,3,0,0,0,0,0,0,0,0,0,0,0,0,,,,,,0,0,0,0,0,0,1,scottta01
635,Corey Seager*,28,TEX,AL,146,642,573,87,141,23,1,32,81,3,0,57,99,.246,.319,.457,.777,119,262,14,7,0,5,7,*6/D,seageco01
636,Jean Segura,32,PHI,NL,91,362,330,40,91,9,0,10,31,13,5,24,56,.276,.337,.394,.731,106,130,16,7,0,1,1,4/H6,segurje01
637,Marcus Semien,31,TEX,AL,153,688,623,97,158,31,5,24,78,24,7,52,110,.254,.311,.435,.746,110,271,7,4,0,9,0,*46,semiema01
638,Nick Senzel,27,CIN,NL,110,420,373,45,86,13,0,5,25,8,5,30,76,.231,.296,.306,.601,64,114,7,5,2,1,0,8/DH54,senzeni01
639,Brian Serven,27,COL,NL,59,195,178,19,37,4,1,6,16,0,0,13,38,.208,.268,.343,.611,63,61,7,2,1,1,0,2/H3D1,servebr01
640,Anderson Severino*,27,CHW,AL,1,0,0,0,0,0,0,0,0,0,0,0,0,,,,,,0,0,0,0,0,0,/1,severan01
641,Pedro Severino,28,MIL,NL,8,21,18,0,4,2,0,0,1,0,0,3,7,.222,.333,.333,.667,91,6,0,0,0,0,0,/2H3D,severpe01
642,Paul Sewald,32,SEA,AL,3,0,0,0,0,0,0,0,0,0,0,0,0,,,,,,0,0,0,0,0,0,1,sewalpa01
643,Bryan Shaw#,34,CLE,AL,1,0,0,0,0,0,0,0,0,0,0,0,0,,,,,,0,0,0,0,0,0,1,shawbr01
644,Travis Shaw*,32,BOS,AL,7,19,19,0,0,0,0,0,0,0,0,0,7,.000,.000,.000,.000,-100,0,0,0,0,0,0,/3DH,shawtr01
645,Gavin Sheets*,26,CHW,AL,118,389,357,33,87,18,0,15,51,0,0,26,79,.244,.298,.420,.718,101,150,9,3,0,3,0,9HD3/7,sheetga01
646,Zack Short,27,DET,AL,6,13,9,2,0,0,0,0,2,1,0,2,5,.000,.154,.000,.154,-49,0,0,0,0,2,0,/64DH,shortza01
647,Chasen Shreve*,31,NYM,NL,1,0,0,0,0,0,0,0,0,0,0,0,0,,,,,,0,0,0,0,0,0,1,shrevch01
648,Mike Siani*,22,CIN,NL,4,10,10,0,2,0,0,0,0,0,1,0,3,.200,.200,.200,.400,9,2,0,0,0,0,0,/8H,sianimi01
649,Magneuris Sierra*,26,LAA,AL,45,96,91,7,15,1,3,0,5,6,1,4,25,.165,.200,.242,.442,25,22,0,0,1,0,0,87/H9,sierrma01
650,Andrelton Simmons,32,CHC,NL,34,85,75,8,13,1,0,0,7,4,0,7,13,.173,.244,.187,.431,25,14,5,0,3,0,0,46/DH1,simmoan01
651,Jose Siri,26,TOT,AL,98,312,288,52,62,12,2,7,23,14,2,20,102,.215,.272,.344,.616,78,99,3,3,0,1,0,8/H97D,sirijo01
652,Austin Slater,29,SFG,NL,118,307,260,45,67,14,2,5,32,11,1,39,86,.258,.365,.385,.749,113,100,9,6,0,2,0,*8H79/D,slateau01
653,Dominic Smith*,27,NYM,NL,58,152,134,11,26,10,1,0,17,0,0,12,37,.194,.276,.284,.560,62,38,0,4,0,2,0,3DH,smithdo02
654,Josh Smith*,24,TEX,AL,65,225,190,22,38,4,0,2,16,4,3,24,43,.200,.308,.253,.561,63,48,1,7,1,3,0,57H/D64,smithjo11
655,Kevin Smith,25,OAK,AL,47,151,139,9,25,9,1,2,13,4,0,7,42,.180,.216,.302,.518,49,42,5,0,3,2,0,56/H,smithke05
656,Pavin Smith*,26,ARI,NL,70,259,229,22,50,8,0,9,33,1,0,26,64,.218,.297,.371,.668,89,85,1,1,0,3,1,9D/3H,smithpa04
657,Will Smith,27,LAD,NL,132,557,487,64,128,25,3,23,85,1,0,56,90,.263,.348,.468,.816,123,228,11,10,0,4,4,*2D/H,smithwi05
658,Canaan Smith-Njigba*,23,PIT,NL,3,7,5,1,1,1,0,0,0,0,0,1,0,.200,.429,.400,.829,137,2,0,1,0,0,0,/7H,smithca05
659,Collin Snider,26,KCR,AL,2,0,0,0,0,0,0,0,0,0,0,0,0,,,,,,0,0,0,0,0,0,1,snideco01
660,Nick Solak,27,TEX,AL,35,95,82,14,17,1,0,3,4,3,2,7,19,.207,.309,.329,.638,83,27,1,5,1,0,0,7D/H4,solakni01
661,Donovan Solano,34,CIN,NL,74,281,257,22,75,15,0,4,24,0,0,17,54,.292,.345,.397,.742,101,102,4,5,0,2,1,D35/H4,solando01
662,Jorge Soler,30,MIA,NL,72,306,270,32,56,13,0,13,34,0,2,31,90,.207,.295,.400,.695,95,108,9,3,0,1,1,7D/H,solerjo01
663,Edmundo Sosa,26,TOT,NL,78,190,176,26,40,11,4,2,21,6,1,5,50,.227,.275,.369,.644,83,65,6,7,1,1,0,65H/D74,sosaed01
664,Lenyn Sosa,22,CHW,AL,11,36,35,3,4,1,0,1,1,0,0,1,12,.114,.139,.229,.367,2,8,2,0,0,0,0,/46DH,sosale01
665,Juan Soto*,23,TOT,NL,147,640,502,91,122,24,2,26,61,6,2,133,88,.243,.405,.454,.860,150,228,12,4,0,0,5,*9/DH,sotoju01
666,Livan Soto*,22,LAA,AL,11,35,32,5,11,2,1,1,5,1,0,2,10,.344,.371,.563,.934,161,18,0,0,0,1,0,6/H,sotoli01
667,Steven Souza Jr.,33,SEA,AL,6,19,19,0,3,0,0,0,1,0,0,0,8,.158,.158,.158,.316,-7,3,2,0,0,0,0,/9D,souzast01
668,Cory Spangenberg*,31,STL,NL,1,0,0,0,0,0,0,0,0,0,0,0,0,,,,,,0,0,0,0,0,0,/5,spangco01
669,George Springer,32,TOR,AL,129,567,497,86,130,22,4,24,72,13,1,54,99,.262,.339,.467,.806,128,232,7,7,0,5,1,8D9/H,springe01
670,Jacob Stallings,32,MIA,NL,111,372,337,25,76,12,0,4,33,0,1,28,81,.226,.294,.297,.591,69,100,15,5,1,1,0,*2/HD,stallja01
671,Giancarlo Stanton,32,NYY,AL,106,436,385,50,80,7,0,28,75,0,0,47,133,.208,.292,.444,.736,107,171,8,0,0,3,2,D9/H7,stantmi03
672,Max Stassi,31,LAA,AL,99,365,325,31,59,12,1,8,29,0,0,38,110,.182,.268,.298,.567,61,97,12,1,0,1,0,2/HD,stassma01
673,Josh Staumont,28,KCR,AL,2,0,0,0,0,0,0,0,0,0,0,0,0,,,,,,0,0,0,0,0,0,1,staumjo01
674,Drew Steckenrider,31,SEA,AL,1,0,0,0,0,0,0,0,0,0,0,0,0,,,,,,0,0,0,0,0,0,1,steckdr01
675,Spencer Steer,24,CIN,NL,23,89,77,11,17,3,0,2,6,0,1,10,19,.221,.326,.338,.664,81,26,1,2,0,0,0,5/34DH,steersp01
676,Michael Stefanic,26,LAA,AL,24,67,59,5,12,2,0,0,0,0,0,5,12,.203,.288,.237,.525,52,14,1,2,1,0,0,4/H,stefami01
677,Jackson Stephens,28,ATL,NL,1,0,0,0,0,0,0,0,0,0,0,0,0,,,,,,0,0,0,0,0,0,1,stephja01
678,Tyler Stephenson,25,CIN,NL,50,183,166,24,53,9,0,6,35,1,0,12,47,.319,.372,.482,.854,130,80,4,3,0,2,0,2/DH3,stephty01
679,Cal Stevenson*,25,OAK,AL,23,71,60,5,10,3,0,0,1,1,1,8,23,.167,.261,.217,.478,42,13,1,0,2,1,0,8/H97,steveca01
680,DJ Stewart*,28,BAL,AL,3,3,3,0,0,0,0,0,0,0,0,0,2,.000,.000,.000,.000,-100,0,0,0,0,0,0,/H,stewadj01
681,Trevor Story,29,BOS,AL,94,396,357,53,85,22,0,16,66,13,0,32,122,.238,.303,.434,.737,102,155,9,3,0,4,4,4/H,storytr01
682,Bryson Stott*,24,PHI,NL,120,443,405,54,91,16,2,9,44,9,4,35,84,.225,.287,.341,.628,77,138,3,1,1,1,0,64/H5,stottbr01
683,Kyle Stowers*,24,BAL,AL,29,79,74,9,19,2,1,2,9,0,0,4,24,.257,.304,.392,.696,96,29,1,1,0,0,0,79/HD,stoweky01
684,Dee Strange-Gordon*,34,WSN,NL,22,59,59,6,18,1,1,0,2,3,2,0,8,.305,.305,.356,.661,91,21,1,0,0,0,0,6/87HD1,gordode01
685,Myles Straw,27,CLE,AL,146,576,519,70,113,22,3,0,29,20,1,52,82,.218,.289,.272,.560,64,141,4,1,1,3,0,*8/H,strawmy01
686,Hunter Strickland,33,CIN,NL,1,0,0,0,0,0,0,0,0,0,0,0,0,,,,,,0,0,0,0,0,0,1,strichu01
687,Garrett Stubbs*,29,PHI,NL,43,111,98,19,27,4,1,5,16,2,0,12,25,.276,.355,.490,.844,136,48,2,0,1,0,0,2/HD17,stubbga01
688,Eugenio Suarez,30,SEA,AL,144,602,517,72,123,24,2,31,85,0,0,73,186,.238,.339,.472,.811,135,244,10,8,0,4,0,*5D/H,suareeu01
689,Cole Sulser,32,MIA,NL,1,0,0,0,0,0,0,0,0,0,0,0,0,,,,,,0,0,0,0,0,0,1,sulseco01
690,Jack Suwinski*,23,PIT,NL,100,348,309,41,60,11,0,18,35,4,2,34,109,.194,.282,.405,.686,91,125,5,4,0,1,1,798/HD,suwinja01
691,Kurt Suzuki,38,LAA,AL,49,156,137,10,24,4,0,4,14,0,0,15,29,.175,.258,.292,.550,56,40,3,1,1,2,0,2/HD3,suzukku01
692,Seiya Suzuki,27,CHC,NL,104,417,372,48,98,22,1,13,45,9,5,38,103,.263,.336,.433,.769,116,161,8,4,0,3,3,9/HD,suzukse01
693,Travis Swaggerty*,24,PIT,NL,5,9,9,0,1,0,0,0,0,0,0,0,4,.111,.111,.111,.222,-37,1,0,0,0,0,0,/7H8D,swaggtr01
694,Dansby Swanson,28,ATL,NL,156,674,620,96,171,31,1,22,92,18,7,47,178,.276,.328,.435,.763,111,270,9,3,0,4,0,*6,swansda01
695,Raimel Tapia*,28,TOR,AL,122,408,388,43,101,20,3,6,50,8,1,14,74,.260,.285,.374,.659,87,145,11,0,3,1,0,*789H/D,tapiara01
696,Dillon Tate,28,BAL,AL,2,0,0,0,0,0,0,0,0,0,0,0,0,,,,,,0,0,0,0,0,0,1,tatedi01
697,Leody Taveras#,23,TEX,AL,92,324,298,36,78,13,2,4,32,10,5,20,82,.262,.310,.359,.669,91,107,2,2,1,3,0,8/HD,taverle01
698,Chris Taylor,31,LAD,NL,116,446,394,43,86,25,3,10,41,10,1,44,159,.218,.303,.373,.676,85,147,4,5,0,3,2,7489/HD56,tayloch03
699,Michael A. Taylor,31,KCR,AL,120,441,400,47,103,10,3,9,43,4,2,35,106,.258,.318,.365,.683,92,146,5,2,1,3,0,*8/HD1,taylomi02
700,Tyrone Taylor,28,MIL,NL,113,385,355,48,82,18,3,17,50,3,2,20,99,.231,.283,.442,.725,103,157,11,7,0,3,0,*897/HD,tayloty01
701,Rowdy Tellez*,27,MIL,NL,147,579,510,65,113,23,0,34,87,2,1,62,118,.222,.311,.467,.778,118,238,19,5,0,2,9,*3H/D,tellero01
702,Matt Thaiss*,27,LAA,AL,25,70,61,7,14,0,0,2,7,1,0,8,23,.230,.314,.328,.642,83,20,1,0,0,1,0,2/3H5,thaisma01
703,Caleb Thielbar,35,MIN,AL,2,0,0,0,0,0,0,0,0,0,0,0,0,,,,,,0,0,0,0,0,0,1,thielca01
704,Alek Thomas*,22,ARI,NL,113,411,381,45,88,17,1,8,39,4,3,22,74,.231,.275,.344,.619,75,131,6,3,0,5,0,*8/H,thomaal01
705,Cody Thomas*,27,OAK,AL,10,32,30,1,8,0,0,0,0,0,0,2,12,.267,.313,.267,.579,72,8,0,0,0,0,0,7,thomaco01
706,Dillon Thomas*,29,LAA,AL,8,14,11,1,1,0,0,0,0,0,0,2,6,.091,.286,.091,.377,14,1,0,1,0,0,0,/79H,thomadi01
707,Lane Thomas,26,WSN,NL,139,520,475,59,117,25,2,17,52,8,3,36,125,.246,.302,.415,.717,106,197,8,4,0,5,0,*789H/D,thomala02
708,Bubba Thompson,24,TEX,AL,47,155,144,16,40,4,0,1,8,18,3,7,48,.278,.320,.326,.647,86,47,0,2,2,0,0,7/89HD,thompbu01
709,Trayce Thompson,31,TOT,NL,75,237,205,33,50,13,1,12,39,3,1,28,88,.244,.338,.493,.830,126,101,2,2,0,2,0,798H/D,thomptr01
710,Michael Toglia#,23,COL,NL,25,97,90,9,19,7,2,2,11,1,1,7,32,.211,.268,.400,.668,76,36,2,0,0,0,0,93/H,toglimi01
711,Ka'ai Tom*,28,SFG,NL,1,1,1,0,0,0,0,0,0,0,0,0,0,.000,.000,.000,.000,-100,0,0,0,0,0,0,/H9,tomka01
712,Spencer Torkelson,22,DET,AL,104,381,338,33,68,16,1,6,25,0,1,36,91,.201,.286,.308,.594,74,104,12,5,0,2,0,3/H,torkesp01
713,Abraham Toro#,25,SEA,AL,103,332,306,34,56,13,1,9,30,1,0,22,58,.183,.238,.320,.558,62,98,4,1,0,3,1,45DH/39,toroab01
714,Luis Torrens,26,SEA,AL,49,147,136,10,29,2,0,2,12,0,0,8,45,.213,.259,.272,.531,56,37,5,1,0,2,0,2/DH41,torrelu01
715,Gleyber Torres,25,NYY,AL,138,563,517,71,133,27,1,24,74,10,5,39,126,.257,.311,.453,.764,115,234,12,3,1,3,2,*4/DH6,torregl01
716,Ezequiel Tovar,20,COL,NL,4,16,14,1,4,0,0,0,0,0,0,2,5,.286,.375,.286,.661,82,4,0,0,0,0,0,/6,tovarez01
717,Taylor Trammell*,24,SEA,AL,42,113,98,15,20,9,0,4,10,2,1,13,32,.204,.295,.418,.713,106,41,1,0,1,1,0,9/8HD7,trammta01
718,Alan Trejo,26,COL,NL,32,113,106,14,30,6,0,4,16,0,2,5,28,.283,.327,.453,.780,107,48,3,2,0,0,0,64/5H,trejoal01
719,Jose Trevino,29,NYY,AL,111,338,322,38,81,12,1,10,42,2,1,13,59,.252,.284,.388,.672,90,125,5,2,0,1,0,*2/H,trevijo01
720,Chadwick Tromp,27,ATL,NL,1,4,4,0,3,2,0,0,3,0,0,0,0,.750,.750,1.250,2.000,446,5,0,0,0,0,0,/2,trompch01
721,Mike Trout,30,LAA,AL,113,472,415,80,114,24,2,38,78,1,0,50,135,.275,.360,.617,.977,171,256,6,6,0,1,6,*8/DH,troutmi01
722,Yoshi Tsutsugo*,30,PIT,NL,50,193,170,11,29,4,0,2,19,0,0,19,50,.171,.249,.229,.478,37,39,3,0,0,4,0,3D/H,tsutsyo01
723,Cole Tucker#,25,PIT,NL,18,63,63,3,11,1,1,0,2,1,0,0,25,.175,.175,.222,.397,11,14,1,0,0,0,0,9/46H,tuckeco01
724,Kyle Tucker*,25,HOU,AL,144,591,526,70,138,28,1,29,104,25,4,59,93,.262,.337,.485,.822,131,255,11,1,0,2,4,*9/DH,tuckeky01
725,Justin Turner,37,LAD,NL,125,521,457,61,128,36,0,13,81,3,0,50,86,.280,.353,.444,.797,118,203,13,6,0,8,1,5D/H,turneju01
726,Trea Turner,29,LAD,NL,153,679,625,97,187,39,4,20,97,25,3,43,123,.299,.344,.470,.815,122,294,9,3,0,6,1,*6,turnetr01
727,Justin Upton,34,SEA,AL,17,57,48,2,6,1,0,1,3,0,0,6,23,.125,.263,.208,.471,41,10,1,3,0,0,0,D/97H,uptonju01
728,Luis Urias,25,MIL,NL,113,452,388,52,90,14,1,15,44,1,2,49,96,.232,.330,.389,.719,104,151,7,10,0,5,0,546/H,uriaslu01
729,Ramon Urias,28,BAL,AL,118,445,403,50,100,17,1,16,51,1,0,30,98,.248,.305,.414,.720,102,167,7,5,3,4,1,54/6HD,uriasra01
730,Gio Urshela,30,MIN,AL,137,523,476,57,134,27,3,12,60,1,0,38,91,.282,.333,.426,.759,118,203,21,2,0,7,2,*5/DH6,urshegi01
731,Josh VanMeter*,27,PIT,NL,67,192,171,15,32,5,2,3,14,4,0,19,45,.187,.266,.292,.558,58,50,3,0,0,2,0,43H/15D29,vanmejo01
732,Ildemaro Vargas#,30,TOT,NL,56,197,184,19,49,11,1,4,21,3,1,8,23,.266,.306,.402,.708,103,74,5,3,1,1,0,56/4H,vargail01
733,Miguel Vargas,22,LAD,NL,12,40,39,3,7,1,0,1,5,1,0,1,9,.179,.200,.282,.482,31,11,0,0,0,0,0,/37D,vargami01
734,Daulton Varsho*,25,ARI,NL,145,569,509,78,122,23,3,27,73,14,6,46,138,.240,.307,.456,.763,114,232,7,6,2,5,0,*982D/H,varshda01
735,Andrew Vaughn,24,CHW,AL,129,537,495,59,137,28,1,17,74,0,0,29,92,.277,.326,.440,.766,115,218,13,9,0,4,0,97D3/H4,vaughan01
736,Terrin Vavra*,25,BAL,AL,34,85,73,13,20,2,1,0,9,0,1,10,16,.274,.353,.329,.682,96,24,2,0,0,2,0,4/7DH9,vavrate01
737,Christian Vazquez,31,TOT,AL,114,415,387,40,106,22,0,8,50,1,4,22,67,.274,.316,.393,.708,97,152,9,3,0,3,0,2H/34D,vazquch01
738,Andrew Velazquez#,27,LAA,AL,125,349,322,37,63,8,0,9,28,17,1,15,119,.196,.236,.304,.540,52,98,3,3,6,3,0,*6/H,velazan01
739,Nelson Velázquez,23,CHC,NL,73,191,174,18,34,6,1,6,21,5,2,16,61,.195,.267,.345,.612,72,60,5,1,0,0,0,89H7/D,velazne01
740,Alex Verdugo*,26,BOS,AL,146,621,571,70,162,38,1,11,74,1,3,41,83,.284,.332,.412,.743,105,235,13,3,0,6,2,*79/DH,verdual01
741,Mark Vientos,22,NYM,NL,12,33,28,1,4,1,0,1,3,0,0,5,10,.143,.273,.286,.558,61,8,1,0,0,0,0,D/H,vientma01
742,Matt Vierling,25,PHI,NL,110,338,307,39,75,11,1,5,29,7,4,22,67,.244,.296,.336,.631,78,103,7,3,0,6,0,897H/543D,vierlma01
743,David Villar,25,SFG,NL,47,165,142,19,30,6,1,7,19,0,1,18,55,.211,.315,.415,.731,105,59,3,4,0,1,0,5/3D4H,villada01
744,Jonathan Villar#,31,TOT,MLB,59,220,202,25,42,6,2,3,18,7,0,15,59,.208,.260,.302,.562,59,61,4,0,1,2,0,45/H6D,villajo01
745,Meibrys Viloria*,25,TEX,AL,26,75,63,10,10,1,0,2,5,0,0,11,29,.159,.280,.270,.550,59,17,0,0,0,1,0,2/HD,vilorme01
746,Daniel Vogelbach*,29,TOT,NL,125,445,372,44,87,19,1,17,57,0,0,71,107,.234,.357,.427,.785,122,159,11,1,0,1,2,*DH/3,vogelda01
747,Stephen Vogt*,37,OAK,AL,65,183,161,16,26,4,1,6,22,1,0,16,44,.161,.240,.311,.551,60,50,4,2,0,4,0,DH23,vogtst01
748,Luke Voit,31,TOT,NL,128,541,474,52,110,22,0,21,67,1,1,54,167,.232,.316,.411,.727,111,195,7,7,0,6,1,D3/H,voitlu01
749,Jason Vosler*,28,SFG,NL,30,96,86,12,24,5,1,4,12,1,1,8,25,.279,.344,.500,.844,135,43,2,1,0,1,1,5/H34796,vosleja01
750,Joey Votto*,38,CIN,NL,91,376,322,31,66,18,1,11,41,0,0,44,97,.205,.319,.370,.689,87,119,8,10,0,0,0,3D/H,vottojo01
751,LaMonte Wade Jr.*,28,SFG,NL,72,235,202,27,39,7,1,8,25,0,0,25,49,.193,.296,.356,.653,84,72,0,5,2,1,0,937DH/8,wadela01
752,Tyler Wade*,27,LAA,AL,67,163,147,22,32,5,0,1,8,8,5,10,33,.218,.272,.272,.544,56,40,3,1,5,0,0,465H/798D,wadety01
753,Christian Walker,31,ARI,NL,154,640,557,81,131,23,1,36,91,1,2,68,127,.235,.323,.474,.797,124,264,14,8,0,7,2,*3D/H,walkech02
754,Steele Walker*,25,TEX,AL,5,16,14,1,1,0,0,1,1,0,0,2,4,.071,.188,.286,.473,33,4,0,0,0,0,0,/7H9,walkest01
755,Chad Wallach,30,LAA,AL,12,40,35,3,5,1,0,1,4,0,0,4,9,.143,.231,.257,.488,39,9,1,0,1,0,0,2,wallach01
756,Matt Wallner*,24,MIN,AL,12,44,40,3,11,3,0,2,9,0,0,3,18,.275,.341,.500,.841,140,20,0,1,0,0,1,9/H,wallnma01
757,Taylor Walls#,25,TBR,AL,136,449,393,51,68,17,2,7,32,10,3,49,116,.173,.267,.280,.547,62,110,5,2,2,2,0,645/HD,wallsta01
758,Jared Walsh*,28,LAA,AL,118,454,423,41,91,18,2,15,44,2,1,27,138,.215,.269,.374,.642,80,158,6,4,0,0,4,*3H/7,walshja01
759,Donovan Walton*,28,TOT,MLB,25,78,76,9,12,8,0,1,8,0,0,1,16,.158,.179,.303,.482,33,23,1,1,0,0,0,46/H51,waltodo01
760,Taylor Ward,28,LAA,AL,128,535,467,69,129,18,2,22,61,5,3,59,116,.276,.359,.465,.824,132,217,4,4,0,5,0,*9/8H5D7,wardta01
761,Drew Waters#,23,KCR,AL,25,83,72,8,17,5,1,2,10,0,0,10,27,.236,.329,.417,.746,109,30,1,0,0,0,0,9/8HD7,waterdr01
762,Luke Weaver,28,TOT,MLB,1,0,0,0,0,0,0,0,0,0,0,0,0,,,,,,0,0,0,0,0,0,1/DH,weavelu01
763,J.B. Wendelken,29,ARI,NL,1,0,0,0,0,0,0,0,0,0,0,0,0,,,,,,0,0,0,0,0,0,1,wendejb01
764,Joey Wendle*,32,MIA,NL,95,348,325,26,84,24,1,3,31,12,3,14,42,.258,.297,.366,.663,87,119,5,5,1,3,0,546H/D,wendljo01
765,Eli White,28,TEX,AL,47,117,105,16,21,2,0,3,10,12,1,11,41,.200,.274,.305,.578,65,32,0,0,0,1,0,87/HD9,whiteel04
766,Aaron Whitefield,25,LAA,AL,5,11,11,0,0,0,0,0,0,0,0,0,5,.000,.000,.000,.000,-100,0,0,0,0,0,0,/987H,whiteaa01
767,Luke Williams,25,TOT,NL,79,136,127,21,30,5,1,1,6,11,4,9,44,.236,.287,.315,.602,71,40,1,0,0,0,1,57H4/D3,willilu01
768,Trevor Williams,30,NYM,NL,2,0,0,0,0,0,0,0,0,0,0,0,0,,,,,,0,0,0,0,0,0,1,willitr01
769,Marcus Wilson,25,SEA,AL,3,6,5,1,1,0,0,0,0,0,0,1,4,.200,.333,.200,.533,62,1,0,0,0,0,0,/H98D,wilsoma02
770,Jesse Winker*,28,SEA,AL,133,536,447,48,98,15,0,13,50,0,0,82,101,.219,.343,.340,.683,102,152,8,4,0,3,1,*7D/H,winkeje01
771,Patrick Wisdom,30,CHC,NL,129,512,449,65,94,25,0,25,65,8,4,52,173,.209,.301,.432,.733,104,194,8,8,1,2,1,53/9H7D8,wisdopa01
772,Bobby Witt,22,KCR,AL,143,600,562,81,144,31,6,20,80,28,7,27,126,.256,.295,.440,.735,104,247,12,6,0,5,2,65/DH,wittbo02
773,Tony Wolters*,30,LAD,NL,2,4,4,0,0,0,0,0,0,0,0,0,3,.000,.000,.000,.000,-100,0,0,0,0,0,0,/42DH,wolteto01
774,Connor Wong,26,BOS,AL,22,45,38,7,8,2,0,1,7,0,0,4,14,.211,.295,.342,.638,77,13,0,1,1,1,0,2/H45,wongco01
775,Kolten Wong*,31,MIL,NL,128,481,417,64,105,23,4,15,46,16,5,43,85,.252,.338,.434,.772,119,181,5,14,2,5,1,*4H/D6,wongko01
776,Austin Wynns,31,SFG,NL,60,167,152,12,38,7,0,2,19,0,0,10,38,.250,.307,.336,.643,82,51,9,3,1,1,0,2/DH1,wynnsau01
777,Mike Yastrzemski*,31,SFG,NL,141,529,460,68,97,29,2,15,52,5,1,58,130,.211,.303,.380,.683,92,175,3,5,1,5,0,*98H/D,yastrmi01
778,Christian Yelich*,30,MIL,NL,147,640,549,95,139,25,4,12,54,17,2,83,153,.253,.355,.379,.734,110,208,9,5,1,2,5,*7D/H,yelicch01
779,Juan Yepez,24,STL,NL,70,252,232,27,60,11,0,12,29,0,0,15,57,.259,.302,.461,.763,116,107,5,1,0,4,0,7D93/H5,yepezju01
780,Jared Young*,26,CHC,NL,6,22,19,2,5,2,0,0,0,1,0,3,7,.263,.364,.368,.732,108,7,0,0,0,0,0,/D3H9,youngja02
781,Seby Zavala,28,CHW,AL,61,205,178,22,48,14,0,2,21,0,0,19,64,.270,.347,.382,.729,107,68,1,3,3,2,0,2/H3D,zavalse01
782,Bradley Zimmer*,29,TOT,MLB,104,106,94,17,12,5,0,2,3,2,2,5,39,.128,.219,.245,.464,33,23,0,6,1,0,0,8H/D9,zimmebr01
783,Mike Zunino,31,TBR,AL,36,123,115,7,17,3,0,5,16,0,0,6,46,.148,.195,.304,.499,44,35,2,1,0,1,0,2/H,zuninmi01
